Time	Cond		
0	0.6709	-0.0032	19.3
1	0.6708	-0.0034	19.3
2	0.6708	-0.002	19.4
3	0.6708	-0.0034	19.4
4	0.6708	-0.0033	19.3
5	0.6708	-0.0008	19.4
6	0.6707	-0.0052	19.4
7	0.6707	-0.0047	19.4
8	0.6708	0.0021	19.4
9	0.6707	-0.0042	19.4
10	0.6707	-0.004	19.4
11	0.6707	-0.0039	19.4
12	0.6707	-0.0055	19.4
13	0.6707	-0.0023	19.4
14	0.6708	-0.0005	19.4
15	0.6707	-0.0036	19.4
16	0.6708	-0.0052	19.3
17	0.6708	-0.0045	19.3
18	0.6707	-0.0045	19.4
19	0.6708	0.0017	19.4
20	0.6708	-0.0042	19.3
21	0.6708	-0.0013	19.3
22	0.6708	-0.003	19.3
23	0.6707	-0.0032	19.4
24	0.6707	-0.0051	19.3
25	0.6707	0.0024	19.4
26	0.6708	-0.0018	19.3
27	0.6707	-0.0062	19.3
28	0.6708	-0.0006	19.3
29	0.6708	-0.0001	19.3
30	0.6708	-0.0026	19.3
31	0.6707	-0.0025	19.3
32	0.6707	-0.0058	19.3
33	0.6707	-0.0054	19.3
34	0.6709	0.0008	19.3
35	0.6709	-0.0003	19.3
36	0.671	0.0021	19.3
37	0.6711	0.0047	19.3
38	0.6712	0.0023	19.3
39	0.6712	0.0008	19.3
40	0.6712	-0.0011	19.3
41	0.6713	0.0001	19.3
42	0.6713	-0.0015	19.3
43	0.6713	-0.0025	19.3
44	0.6714	0.0004	19.3
45	0.6713	-0.0051	19.3
46	0.6714	-0.0005	19.3
47	0.6714	0.002	19.3
48	0.6715	-0.0063	19.3
49	0.6715	-0.0035	19.3
50	0.6715	-0.0007	19.3
51	0.6716	-0.0005	19.3
52	0.6715	-0.0033	19.3
53	0.6716	-0.0034	19.3
54	0.6716	-0.0002	19.3
55	0.6716	-0.0045	19.3
56	0.6715	-0.0049	19.3
57	0.6715	-0.0092	19.3
58	0.6715	-0.0086	19.3
59	0.6714	-0.0049	19.3
60	0.6714	-0.0079	19.3
61	0.6714	-0.0029	19.3
62	0.6713	-0.0071	19.3
63	0.6712	-0.008	19.3
64	0.6711	-0.0077	19.3
65	0.671	-0.0075	19.3
66	0.6709	-0.0122	19.3
67	0.6708	-0.0084	19.3
68	0.6707	-0.0097	19.3
69	0.6706	-0.0083	19.3
70	0.6706	-0.0069	19.3
71	0.6705	-0.0077	19.3
72	0.6703	-0.0098	19.3
73	0.6703	-0.0089	19.3
74	0.6702	-0.0083	19.3
75	0.6701	-0.0124	19.3
76	0.6699	-0.0123	19.3
77	0.6698	-0.0089	19.3
78	0.6698	-0.007	19.3
79	0.6696	-0.0094	19.3
80	0.6694	-0.0182	19.3
81	0.6693	-0.0142	19.3
82	0.6691	-0.012	19.3
83	0.6689	-0.0151	19.3
84	0.6688	-0.0124	19.3
85	0.6686	-0.012	19.3
86	0.6684	-0.013	19.3
87	0.6683	-0.011	19.3
88	0.6681	-0.0189	19.3
89	0.6678	-0.0147	19.3
90	0.6676	-0.015	19.3
91	0.6674	-0.0175	19.3
92	0.6672	-0.0172	19.3
93	0.667	-0.0134	19.3
94	0.6668	-0.0178	19.3
95	0.6665	-0.0183	19.3
96	0.6663	-0.0208	19.3
97	0.666	-0.0166	19.3
98	0.6658	-0.0206	19.3
99	0.6655	-0.018	19.3
100	0.6653	-0.0193	19.3
101	0.6651	-0.0155	19.3
102	0.6649	-0.0161	19.3
103	0.6646	-0.0148	19.3
104	0.6643	-0.0179	19.3
105	0.664	-0.0235	19.3
106	0.6638	-0.0194	19.3
107	0.6635	-0.0205	19.3
108	0.6633	-0.0203	19.3
109	0.663	-0.0223	19.3
110	0.6627	-0.0191	19.3
111	0.6625	-0.0188	19.3
112	0.6623	-0.0147	19.3
113	0.662	-0.0156	19.3
114	0.6618	-0.0184	19.3
115	0.6616	-0.0145	19.3
116	0.6613	-0.0178	19.3
117	0.6611	-0.0167	19.3
118	0.6609	-0.016	19.3
119	0.6607	-0.0142	19.3
120	0.6605	-0.0158	19.3
121	0.6603	-0.0128	19.3
122	0.66	-0.019	19.3
123	0.6599	-0.0131	19.3
124	0.6597	-0.0148	19.3
125	0.6595	-0.0172	19.3
126	0.6592	-0.0144	19.3
127	0.6591	-0.0106	19.3
128	0.6589	-0.0137	19.3
129	0.6588	-0.0103	19.3
130	0.6586	-0.0165	19.3
131	0.6585	-0.0108	19.3
132	0.6583	-0.0138	19.3
133	0.6581	-0.0133	19.3
134	0.6579	-0.014	19.3
135	0.6578	-0.0122	19.3
136	0.6577	-0.011	19.3
137	0.6575	-0.0127	19.3
138	0.6574	-0.0091	19.3
139	0.6573	-0.0128	19.3
140	0.6571	-0.0128	19.3
141	0.6571	-0.0094	19.3
142	0.657	-0.0093	19.3
143	0.6569	-0.0068	19.3
144	0.6567	-0.0078	19.3
145	0.6566	-0.0089	19.3
146	0.6565	-0.0088	19.3
147	0.6564	-0.0091	19.3
148	0.6563	-0.0076	19.3
149	0.6562	-0.0113	19.3
150	0.6561	-0.0054	19.3
151	0.656	-0.0106	19.3
152	0.656	-0.0067	19.3
153	0.6559	-0.0078	19.3
154	0.6558	-0.0071	19.3
155	0.6557	-0.0095	19.3
156	0.6556	-0.007	19.3
157	0.6556	-0.0069	19.3
158	0.6554	-0.0094	19.3
159	0.6554	-0.0072	19.3
160	0.6552	-0.009	19.4
161	0.6553	-0.0036	19.3
162	0.6553	-0.0057	19.3
163	0.6552	-0.0052	19.3
164	0.6551	-0.0082	19.3
165	0.6551	-0.0051	19.3
166	0.655	-0.0094	19.3
167	0.655	-0.0051	19.3
168	0.6549	-0.0059	19.4
169	0.6548	-0.0107	19.4
170	0.6549	-0.0053	19.3
171	0.6548	-0.0071	19.3
172	0.6548	-0.0073	19.3
173	0.6547	-0.007	19.3
174	0.6547	-0.0034	19.4
175	0.6547	-0.0023	19.4
176	0.6547	-0.005	19.3
177	0.6546	-0.0042	19.4
178	0.6546	-0.0018	19.4
179	0.6547	0.0005	19.3
180	0.6545	-0.0067	19.4
181	0.6546	-0.0045	19.3
182	0.6545	-0.0061	19.3
183	0.6544	-0.0037	19.4
184	0.6544	-0.0047	19.4
185	0.6544	-0.0039	19.3
186	0.6544	-0.003	19.3
187	0.6544	-0.0026	19.4
188	0.6545	-0.0042	19.3
189	0.6544	-0.0034	19.3
190	0.6544	-0.001	19.3
191	0.6543	-0.0093	19.3
192	0.6544	-0.0019	19.3
193	0.6543	-0.0048	19.3
194	0.6544	-0.0001	19.3
195	0.6543	-0.004	19.4
196	0.6544	-0.0005	19.3
197	0.6544	-0.0023	19.3
198	0.6543	-0.0034	19.3
199	0.6544	-0.0051	19.3
200	0.6543	-0.0023	19.4
201	0.6543	-0.0053	19.4
202	0.6544	-0.0035	19.3
203	0.6543	-0.004	19.4
204	0.6544	-0.0046	19.4
205	0.6544	-0.0003	19.4
206	0.6545	-0.0012	19.3
207	0.6545	-0.0054	19.3
208	0.6545	-0.0011	19.4
209	0.6545	-0.0004	19.4
210	0.6545	-0.0027	19.4
211	0.6544	-0.0081	19.4
212	0.6545	-0.0024	19.4
213	0.6545	-0.0022	19.4
214	0.6545	-0.0024	19.4
215	0.6546	0.0005	19.4
216	0.6546	0.0011	19.3
217	0.6546	-0.0056	19.4
218	0.6546	-0.0018	19.4
219	0.6546	-0.0023	19.4
220	0.6547	0.0027	19.4
221	0.6547	-0.0023	19.4
222	0.6547	-0.0051	19.4
223	0.6547	0.0027	19.4
224	0.6547	-0.0024	19.4
225	0.6547	-0.0052	19.4
226	0.6548	0.0047	19.4
227	0.6548	-0.0054	19.3
228	0.6548	-0.0016	19.4
229	0.6548	-0.0005	19.4
230	0.6549	-0.0023	19.4
231	0.655	0.0029	19.3
232	0.655	-0.0019	19.3
233	0.655	0.0011	19.4
234	0.655	0.001	19.4
235	0.655	-0.0022	19.4
236	0.655	-0.0058	19.3
237	0.6551	0.0012	19.4
238	0.6551	0.0013	19.4
239	0.6551	-0.004	19.4
240	0.6552	0.0038	19.4
241	0.6552	-0.0036	19.4
242	0.6553	-0.0033	19.4
243	0.6553	0.0009	19.4
244	0.6553	-0.0061	19.4
245	0.6555	0.0046	19.4
246	0.6554	-0.0031	19.4
247	0.6555	0.0021	19.4
248	0.6555	-0.0035	19.4
249	0.6556	0.0036	19.4
250	0.6556	-0.0003	19.4
251	0.6557	-0.0019	19.4
252	0.6556	-0.0043	19.4
253	0.6557	-0.0006	19.4
254	0.6558	0.003	19.4
255	0.6558	-0.0037	19.4
256	0.6559	-0.0011	19.4
257	0.6559	-0.0038	19.4
258	0.6559	-0.0032	19.4
259	0.656	-0.0003	19.4
260	0.656	0.0006	19.4
261	0.6561	0.0015	19.4
262	0.6561	-0.0021	19.4
263	0.6561	-0.002	19.4
264	0.6562	0.0013	19.4
265	0.6563	0.0023	19.4
266	0.6564	0.0013	19.4
267	0.6564	-0.0062	19.4
268	0.6565	0.0035	19.4
269	0.6565	0.0003	19.4
270	0.6565	0.0001	19.4
271	0.6566	0.0013	19.4
272	0.6566	-0.0004	19.4
273	0.6567	0.001	19.4
274	0.6567	-0.0009	19.4
275	0.6567	-0.0021	19.4
276	0.6568	0.0005	19.4
277	0.6568	-0.0019	19.4
278	0.6568	-0.0014	19.4
279	0.657	0.0002	19.4
280	0.657	-0.0005	19.4
281	0.6571	0.0036	19.4
282	0.6571	-0.0024	19.4
283	0.6572	0.0015	19.4
284	0.6572	-0.0012	19.4
285	0.6573	-0.0021	19.4
286	0.6573	-0.001	19.4
287	0.6574	-0.0037	19.4
288	0.6574	-0.001	19.4
289	0.6574	-0.0056	19.4
290	0.6576	-0.0042	19.4
291	0.6576	0.0004	19.4
292	0.6576	-0.0012	19.4
293	0.6577	0.0032	19.4
294	0.6578	-0.0005	19.4
295	0.6578	0.0005	19.4
296	0.6578	-0.0001	19.4
297	0.658	0.0008	19.4
298	0.658	0.0024	19.4
299	0.658	0.003	19.4
300	0.6581	-0.0041	19.4
301	0.6582	0.0017	19.4
302	0.6582	0.0002	19.4
303	0.6583	-0.0004	19.4
304	0.6583	-0.0038	19.4
305	0.6584	0.0011	19.4
306	0.6584	0.0007	19.4
307	0.6584	0.0011	19.4
308	0.6585	-0.0008	19.4
309	0.6585	-0.0007	19.4
310	0.6586	-0.0005	19.4
311	0.6586	-0.0005	19.4
312	0.6587	-0.0012	19.4
313	0.6588	0.0004	19.4
314	0.6588	0.001	19.4
315	0.6589	-0.0009	19.4
316	0.659	-0.001	19.4
317	0.659	-0.0022	19.4
318	0.6591	-0.0013	19.4
319	0.6591	0.0003	19.4
320	0.6591	-0.0034	19.4
321	0.6592	0.0004	19.4
322	0.6593	0.0039	19.4
323	0.6593	-0.0007	19.4
324	0.6594	0.0028	19.4
325	0.6595	-0.0018	19.4
326	0.6595	0.0026	19.4
327	0.6596	-0.0013	19.4
328	0.6597	-0.0003	19.4
329	0.6597	-0.0021	19.4
330	0.6597	0.0037	19.4
331	0.6598	0.0005	19.4
332	0.6598	0.002	19.4
333	0.6599	-0.0002	19.4
334	0.66	0.0025	19.4
335	0.66	-0.0045	19.4
336	0.66	-0.0007	19.4
337	0.6601	0.0001	19.4
338	0.6602	0.0005	19.4
339	0.6602	0.0011	19.4
340	0.6603	0.0021	19.4
341	0.6604	-0.0013	19.4
342	0.6604	-0.0034	19.4
343	0.6604	-0.0023	19.4
344	0.6605	0.0016	19.4
345	0.6605	-0.0019	19.4
346	0.6606	-0.0006	19.4
347	0.6607	0.0025	19.4
348	0.6608	-0.0011	19.4
349	0.6608	0.0006	19.4
350	0.6609	0.0009	19.4
351	0.6609	-0.0013	19.4
352	0.661	0.0017	19.4
353	0.6611	0.0002	19.4
354	0.6611	0.0005	19.4
355	0.6612	0.0023	19.4
356	0.6613	0.0001	19.4
357	0.6613	-0.0011	19.4
358	0.6613	-0.0018	19.4
359	0.6614	0.003	19.4
360	0.6614	-0.0017	19.4
361	0.6614	-0.0004	19.4
362	0.6615	0.0011	19.4
363	0.6616	-0.0019	19.4
364	0.6616	-0.0011	19.4
365	0.6617	0.0009	19.4
366	0.6618	-0.0031	19.4
367	0.6618	-0.0004	19.4
368	0.6619	0.0007	19.4
369	0.6619	0.0002	19.4
370	0.662	0.0001	19.4
371	0.6621	0.003	19.4
372	0.6621	-0.0001	19.4
373	0.6622	-0.0029	19.4
374	0.6622	-0.0003	19.4
375	0.6624	0.0012	19.4
376	0.6623	0.0001	19.4
377	0.6624	-0.0004	19.4
378	0.6625	0.0022	19.4
379	0.6625	0.0028	19.4
380	0.6626	0.0005	19.4
381	0.6626	-0.0023	19.4
382	0.6627	0.0055	19.4
383	0.6627	-0.0001	19.4
384	0.6628	0.0022	19.4
385	0.6629	0.0009	19.4
386	0.6629	-0.0009	19.4
387	0.663	-0.0012	19.4
388	0.663	-0.0037	19.4
389	0.6631	-0.0012	19.4
390	0.6631	0.002	19.4
391	0.6632	0.0006	19.4
392	0.6632	0.0043	19.4
393	0.6633	-0.0026	19.4
394	0.6634	-0.0005	19.4
395	0.6634	-0.004	19.4
396	0.6635	0.0017	19.4
397	0.6636	-0.0016	19.4
398	0.6636	0.0005	19.4
399	0.6636	-0.0026	19.4
400	0.6636	-0.002	19.4
401	0.6637	-0.0018	19.4
402	0.6638	0.0018	19.4
403	0.6638	-0.0021	19.4
404	0.6639	0.0005	19.4
405	0.664	0.0001	19.4
406	0.664	-0.0044	19.4
407	0.6641	0.001	19.4
408	0.6641	-0.0003	19.4
409	0.6641	-0.0019	19.4
410	0.6642	-0.0001	19.4
411	0.6644	0.0007	19.4
412	0.6644	0	19.4
413	0.6644	-0.0026	19.4
414	0.6645	0.0007	19.4
415	0.6645	-0.0032	19.4
416	0.6646	0.0029	19.4
417	0.6647	0.0006	19.4
418	0.6647	-0.0014	19.4
419	0.6647	0.0013	19.4
420	0.6648	-0.0038	19.4
421	0.6649	0.0003	19.4
422	0.6649	-0.0033	19.4
423	0.665	0.0013	19.4
424	0.665	-0.002	19.4
425	0.6651	0.0033	19.4
426	0.6652	-0.0007	19.4
427	0.6652	0.0019	19.4
428	0.6652	-0.0006	19.4
429	0.6653	-0.0015	19.4
430	0.6653	-0.0006	19.4
431	0.6655	-0.0009	19.4
432	0.6655	0.0016	19.4
433	0.6655	-0.002	19.4
434	0.6656	-0.0018	19.4
435	0.6657	-0.0003	19.4
436	0.6657	-0.0055	19.4
437	0.6658	0.0014	19.3
438	0.6658	-0.0034	19.4
439	0.6659	-0.0005	19.3
440	0.666	0.0044	19.4
441	0.666	0.003	19.4
442	0.6661	-0.0003	19.3
443	0.6661	0.0047	19.4
444	0.6662	-0.0011	19.4
445	0.6663	0.0021	19.3
446	0.6663	0.0029	19.3
447	0.6664	-0.001	19.4
448	0.6664	0.0015	19.3
449	0.6664	0.0037	19.4
450	0.6665	-0.001	19.4
451	0.6666	0.003	19.4
452	0.6666	0.0003	19.4
453	0.6667	-0.0012	19.3
454	0.6668	0.0025	19.3
455	0.6668	0.0005	19.3
456	0.6668	0.0007	19.3
457	0.6669	0.0003	19.4
458	0.6669	-0.0011	19.3
459	0.667	0.0027	19.4
460	0.6671	0.0021	19.3
461	0.667	-0.0045	19.3
462	0.6672	0.003	19.3
463	0.6672	-0.0006	19.3
464	0.6673	0.0028	19.3
465	0.6673	-0.0004	19.3
466	0.6674	-0.0002	19.3
467	0.6674	0.0018	19.3
468	0.6675	0.0008	19.3
469	0.6675	-0.0027	19.3
470	0.6677	0.0008	19.3
471	0.6677	0.0001	19.3
472	0.6677	-0.0026	19.3
473	0.6678	-0.0007	19.3
474	0.6678	0.0003	19.3
475	0.6679	0.0001	19.3
476	0.6679	-0.0011	19.3
477	0.668	-0.0028	19.3
478	0.668	0.0006	19.3
479	0.6681	-0.0007	19.3
480	0.6681	-0.0022	19.3
481	0.6682	0.001	19.3
482	0.6683	0.0007	19.3
483	0.6683	0.0012	19.3
484	0.6684	0.0011	19.3
485	0.6685	-0.0001	19.3
486	0.6685	0.0016	19.3
487	0.6685	-0.0012	19.3
488	0.6686	-0.0006	19.3
489	0.6686	-0.0012	19.3
490	0.6687	0.0037	19.3
491	0.6687	-0.0005	19.3
492	0.6687	0.0003	19.3
493	0.6689	0.0054	19.3
494	0.6689	-0.0051	19.3
495	0.6689	-0.0005	19.3
496	0.6689	-0.002	19.3
497	0.669	-0.0029	19.3
498	0.6691	-0.0026	19.3
499	0.6692	0.0018	19.3
500	0.6691	-0.0046	19.3
501	0.6692	0.0001	19.3
502	0.6692	-0.0061	19.3
503	0.6694	0.0007	19.3
504	0.6694	-0.0018	19.3
505	0.6694	0.0001	19.3
506	0.6695	-0.0012	19.3
507	0.6695	0.0026	19.3
508	0.6695	-0.0037	19.3
509	0.6696	-0.0031	19.3
510	0.6697	-0.0004	19.3
511	0.6697	-0.0012	19.3
512	0.6698	0.0023	19.3
513	0.6699	0.0016	19.3
514	0.6699	0.0006	19.3
515	0.6699	0.0035	19.3
516	0.6699	-0.0007	19.3
517	0.67	0.0011	19.3
518	0.67	0.0009	19.3
519	0.6701	-0.0013	19.3
520	0.6701	-0.0003	19.3
521	0.6701	-0.003	19.3
522	0.6701	-0.0024	19.3
523	0.6702	0.0011	19.3
524	0.6702	0.0001	19.3
525	0.6703	-0.005	19.3
526	0.6704	0.0034	19.3
527	0.6704	0.0011	19.3
528	0.6704	-0.0029	19.3
529	0.6704	-0.0018	19.3
530	0.6705	-0.0013	19.3
531	0.6705	-0.0005	19.3
532	0.6707	0.0035	19.3
533	0.6706	-0.0038	19.3
534	0.6707	-0.0056	19.3
535	0.6707	-0.0009	19.3
536	0.6708	-0.0027	19.3
537	0.6708	0.0011	19.3
538	0.6708	0.0025	19.3
539	0.6709	-0.0001	19.3
540	0.6709	0.0006	19.3
541	0.6709	-0.0013	19.3
542	0.671	-0.0038	19.3
543	0.6711	-0.0015	19.3
544	0.671	0.002	19.3
545	0.6711	-0.0034	19.3
546	0.6712	-0.0023	19.3
547	0.6712	-0.0025	19.3
548	0.6712	-0.0035	19.3
549	0.6712	-0.0034	19.3
550	0.6713	-0.0005	19.3
551	0.6713	0.0011	19.3
552	0.6714	0.0018	19.3
553	0.6714	-0.0044	19.3
554	0.6714	-0.0035	19.3
555	0.6715	-0.0012	19.3
556	0.6715	-0.0006	19.3
557	0.6715	-0.0023	19.3
558	0.6715	-0.0037	19.3
559	0.6716	-0.0049	19.3
560	0.6717	-0.0044	19.3
561	0.6717	0.0009	19.3
562	0.6718	0.0015	19.3
563	0.6717	-0.0009	19.3
564	0.6718	-0.0007	19.3
565	0.6718	0.0012	19.3
566	0.6718	-0.0007	19.3
567	0.6718	-0.0019	19.3
568	0.6719	0.0007	19.3
569	0.6719	-0.0003	19.3
570	0.6719	-0.0032	19.3
571	0.672	-0.0013	19.3
572	0.672	-0.0034	19.3
573	0.672	0.0007	19.3
574	0.6721	-0.0007	19.3
575	0.6721	-0.001	19.3
576	0.6722	0.0024	19.3
577	0.6721	-0.0006	19.3
578	0.6722	-0.0042	19.3
579	0.6722	-0.0043	19.3
580	0.6723	0.0024	19.3
581	0.6723	-0.0035	19.3
582	0.6723	-0.0021	19.3
583	0.6723	-0.0024	19.3
584	0.6724	-0.0021	19.3
585	0.6724	0.0027	19.3
586	0.6725	-0.0005	19.3
587	0.6724	-0.002	19.3
588	0.6725	-0.0027	19.3
589	0.6725	-0.0009	19.3
590	0.6725	-0.0038	19.3
591	0.6725	-0.0019	19.3
592	0.6726	-0.0021	19.3
593	0.6726	-0.0036	19.3
594	0.6726	-0.0037	19.3
595	0.6727	-0.0022	19.3
596	0.6727	0.0009	19.3
597	0.6727	-0.007	19.3
598	0.6728	-0.0016	19.3
599	0.6728	0.0002	19.3
600	0.6727	-0.006	19.3
601	0.6728	-0.0007	19.3
602	0.6728	-0.0005	19.3
603	0.6728	-0.0036	19.3
604	0.6729	-0.0016	19.3
605	0.673	-0.0003	19.3
606	0.6729	-0.0058	19.3
607	0.673	-0.0022	19.3
608	0.673	0.0012	19.3
609	0.6731	-0.0015	19.3
610	0.673	-0.0024	19.3
611	0.6731	-0.0032	19.3
612	0.6731	-0.0052	19.3
613	0.6731	-0.0004	19.3
614	0.6731	0.0004	19.3
615	0.6731	-0.0031	19.3
616	0.6732	0.0005	19.3
617	0.6733	-0.0041	19.3
618	0.6732	-0.0048	19.3
619	0.6732	-0.0048	19.3
620	0.6733	-0.0021	19.3
621	0.6733	-0.0015	19.3
622	0.6733	-0.0018	19.3
623	0.6733	-0.001	19.3
624	0.6733	-0.0037	19.3
625	0.6734	-0.0056	19.3
626	0.6734	-0.0048	19.3
627	0.6734	-0.0013	19.3
628	0.6734	-0.0034	19.3
629	0.6734	-0.0043	19.3
630	0.6735	-0.0029	19.3
631	0.6735	-0.0046	19.3
632	0.6735	-0.0032	19.3
633	0.6735	-0.0025	19.3
634	0.6735	-0.0057	19.3
635	0.6735	-0.0019	19.3
636	0.6735	-0.0049	19.3
637	0.6735	-0.0031	19.3
638	0.6735	-0.0014	19.3
639	0.6735	-0.0028	19.3
640	0.6736	-0.0041	19.3
641	0.6736	0.0002	19.3
642	0.6737	-0.0024	19.3
643	0.6737	-0.0014	19.3
644	0.6737	0.0024	19.3
645	0.6737	0.001	19.3
646	0.6739	0.0021	19.3
647	0.6739	0.0007	19.3
648	0.6739	-0.0035	19.3
649	0.6739	-0.0011	19.3
650	0.6739	-0.0033	19.3
651	0.6739	-0.0053	19.3
652	0.6739	-0.0018	19.3
653	0.6739	-0.0009	19.3
654	0.6739	-0.0031	19.3
655	0.6739	-0.0016	19.3
656	0.6739	-0.0041	19.3
657	0.674	-0.0023	19.3
658	0.6739	-0.0069	19.3
659	0.6739	0.0004	19.3
660	0.674	-0.0026	19.3
661	0.6739	-0.0002	19.3
662	0.6739	-0.0034	19.3
663	0.6739	-0.0035	19.3
664	0.6739	-0.0043	19.3
665	0.674	-0.0024	19.3
666	0.674	-0.0033	19.3
667	0.674	-0.0039	19.3
668	0.674	-0.0035	19.3
669	0.674	-0.001	19.3
670	0.674	-0.005	19.3
671	0.674	-0.0031	19.3
672	0.6741	-0.0031	19.3
673	0.674	-0.0053	19.3
674	0.6741	-0.0007	19.3
675	0.6741	-0.0009	19.3
676	0.6741	-0.0029	19.3
677	0.6741	-0.0038	19.3
678	0.6741	-0.003	19.3
679	0.6741	-0.0033	19.3
680	0.6741	-0.0008	19.3
681	0.6742	-0.0024	19.3
682	0.6742	-0.003	19.3
683	0.6741	-0.0064	19.3
684	0.6742	-0.0004	19.3
685	0.6742	-0.0007	19.3
686	0.6742	-0.0059	19.3
687	0.6742	0.0023	19.3
688	0.6742	-0.0064	19.3
689	0.6742	-0.0014	19.3
690	0.6742	-0.0061	19.3
691	0.6742	-0.0023	19.3
692	0.6742	-0.0038	19.3
693	0.6743	-0.006	19.3
694	0.6743	-0.0014	19.3
695	0.6743	-0.0065	19.3
696	0.6743	-0.0042	19.3
697	0.6744	-0.0025	19.3
698	0.6743	-0.0043	19.3
699	0.6743	0.0001	19.3
700	0.6743	-0.0024	19.3
701	0.6743	-0.0047	19.3
702	0.6743	-0.0028	19.3
703	0.6744	-0.004	19.3
704	0.6744	-0.0008	19.3
705	0.6744	-0.0007	19.3
706	0.6744	-0.0007	19.3
707	0.6744	-0.0007	19.3
708	0.6744	-0.0039	19.3
709	0.6745	-0.0017	19.3
710	0.6745	-0.001	19.3
711	0.6744	-0.0021	19.3
712	0.6744	-0.0039	19.3
713	0.6744	-0.0016	19.3
714	0.6744	-0.0059	19.3
715	0.6744	-0.001	19.3
716	0.6744	-0.0038	19.3
717	0.6744	-0.0021	19.3
718	0.6745	-0.0029	19.3
719	0.6745	-0.0028	19.3
720	0.6745	-0.0004	19.3
721	0.6744	-0.0034	19.3
722	0.6745	-0.0041	19.3
723	0.6745	-0.0028	19.3
724	0.6745	-0.0033	19.3
725	0.6745	0.0006	19.3
726	0.6745	-0.0081	19.3
727	0.6745	0.0026	19.3
728	0.6745	-0.0054	19.3
729	0.6745	-0.0049	19.3
730	0.6745	-0.0059	19.3
731	0.6745	-0.0032	19.3
732	0.6745	-0.0034	19.3
733	0.6745	-0.0033	19.3
734	0.6745	-0.0023	19.3
735	0.6745	-0.0023	19.3
736	0.6745	-0.0023	19.3
737	0.6746	0.0016	19.3
738	0.6745	-0.004	19.3
739	0.6746	-0.0054	19.3
740	0.6746	-0.0024	19.3
741	0.6746	-0.0028	19.3
742	0.6746	-0.0021	19.3
743	0.6746	-0.0083	19.3
744	0.6746	-0.0012	19.3
745	0.6746	-0.0039	19.3
746	0.6746	-0.0041	19.3
747	0.6746	-0.0027	19.3
748	0.6745	-0.0052	19.3
749	0.6746	-0.0008	19.3
750	0.6746	-0.0016	19.3
751	0.6746	-0.002	19.3
752	0.6746	-0.0024	19.3
753	0.6746	-0.0031	19.3
754	0.6746	-0.0039	19.3
755	0.6746	-0.0023	19.3
756	0.6746	-0.0029	19.3
757	0.6746	-0.0019	19.3
758	0.6746	-0.0009	19.3
759	0.6746	-0.0029	19.3
760	0.6746	-0.0025	19.3
761	0.6747	-0.0023	19.3
762	0.6746	-0.0051	19.3
763	0.6747	-0.0035	19.3
764	0.6746	-0.0069	19.3
765	0.6747	-0.0024	19.3
766	0.6747	-0.0018	19.3
767	0.6747	-0.0038	19.3
768	0.6747	-0.0023	19.3
769	0.6747	-0.0044	19.3
770	0.6747	-0.0017	19.3
771	0.6747	-0.0022	19.3
772	0.6746	-0.0041	19.3
773	0.6747	0.0011	19.3
774	0.6746	-0.007	19.3
775	0.6747	-0.006	19.3
776	0.6747	-0.0021	19.3
777	0.6747	-0.0026	19.3
778	0.6747	-0.0038	19.3
779	0.6747	-0.002	19.3
780	0.6747	-0.0019	19.3
781	0.6746	-0.0044	19.3
782	0.6747	0.0003	19.3
783	0.6747	-0.0044	19.3
784	0.6747	-0.0021	19.3
785	0.6746	-0.0069	19.3
786	0.6747	-0.0024	19.3
787	0.6747	-0.0038	19.3
788	0.6747	-0.0035	19.3
789	0.6748	-0.0068	19.3
790	0.6747	-0.0045	19.3
791	0.6748	-0.0047	19.3
792	0.6747	-0.0017	19.3
793	0.6748	-0.0024	19.3
794	0.6747	-0.0066	19.3
795	0.6748	-0.0029	19.3
796	0.6747	-0.0044	19.3
797	0.6747	-0.0057	19.3
798	0.6747	-0.0034	19.3
799	0.6748	-0.0044	19.3
800	0.6748	-0.0019	19.3
801	0.6748	-0.0045	19.3
802	0.6747	-0.0016	19.3
803	0.6748	-0.004	19.3
804	0.6747	-0.0019	19.3
805	0.6747	0.0004	19.3
806	0.6747	-0.003	19.3
807	0.6747	-0.0033	19.3
808	0.6747	-0.0054	19.3
809	0.6748	-0.0018	19.3
810	0.6748	0.0012	19.3
811	0.6748	-0.0054	19.3
812	0.6747	-0.0034	19.3
813	0.6747	-0.0012	19.3
814	0.6748	-0.005	19.3
815	0.6748	-0.0026	19.3
816	0.6748	-0.0018	19.3
817	0.6748	-0.0043	19.3
818	0.6747	-0.0042	19.3
819	0.6747	-0.0026	19.3
820	0.6748	-0.0024	19.3
821	0.6747	-0.0058	19.3
822	0.6747	-0.0064	19.3
823	0.6747	-0.0049	19.3
824	0.6747	-0.0018	19.3
825	0.6748	-0.0013	19.3
826	0.6747	-0.0081	19.3
827	0.6747	-0.0042	19.3
828	0.6748	-0.0049	19.3
829	0.6747	-0.0034	19.3
830	0.6748	-0.0018	19.3
831	0.6747	-0.0037	19.3
832	0.6747	0.0003	19.3
833	0.6747	-0.0055	19.3
834	0.6748	-0.0034	19.3
835	0.6747	-0.0033	19.3
836	0.6748	-0.0021	19.3
837	0.6747	-0.0047	19.3
838	0.6748	-0.0042	19.3
839	0.6747	-0.0038	19.3
840	0.6747	-0.0029	19.3
841	0.6748	0	19.3
842	0.6747	-0.0061	19.3
843	0.6747	-0.0051	19.3
844	0.6747	-0.0003	19.3
845	0.6747	-0.0051	19.3
846	0.6747	-0.0017	19.3
847	0.6747	-0.0055	19.3
848	0.6747	-0.003	19.3
849	0.6747	-0.0046	19.3
850	0.6747	-0.0031	19.3
851	0.6747	-0.0044	19.3
852	0.6747	-0.0029	19.3
853	0.6747	-0.007	19.3
854	0.6747	-0.002	19.3
855	0.6747	-0.0035	19.3
856	0.6747	-0.0062	19.3
857	0.6748	-0.003	19.3
858	0.6747	-0.0011	19.3
859	0.6747	-0.0071	19.3
860	0.6747	-0.0055	19.3
861	0.6747	-0.002	19.3
862	0.6746	-0.0072	19.3
863	0.6747	-0.0029	19.3
864	0.6747	-0.0063	19.3
865	0.6747	-0.0056	19.3
866	0.6747	-0.0043	19.3
867	0.6747	-0.0006	19.3
868	0.6747	-0.0043	19.3
869	0.6747	-0.0024	19.3
870	0.6747	-0.0027	19.3
871	0.6747	-0.003	19.3
872	0.6747	-0.0022	19.3
873	0.6747	-0.0032	19.3
874	0.6747	-0.0053	19.3
875	0.6747	-0.0009	19.3
876	0.6747	-0.0038	19.3
877	0.6747	-0.0019	19.3
878	0.6747	-0.0003	19.3
879	0.6747	0.0014	19.3
880	0.6747	-0.0021	19.3
881	0.6747	-0.0057	19.3
882	0.6747	-0.0084	19.3
883	0.6747	-0.0034	19.3
884	0.6746	-0.0021	19.3
885	0.6746	-0.0056	19.3
886	0.6746	-0.0038	19.3
887	0.6746	-0.0034	19.3
888	0.6747	-0.0029	19.3
889	0.6747	-0.0019	19.3
890	0.6746	-0.0056	19.3
891	0.6746	-0.0034	19.3
892	0.6746	-0.0037	19.3
893	0.6747	-0.002	19.3
894	0.6746	-0.0015	19.3
895	0.6746	-0.0061	19.3
896	0.6746	-0.0052	19.3
897	0.6746	-0.0025	19.3
898	0.6746	-0.0052	19.3
899	0.6746	-0.0041	19.3
900	0.6746	-0.0007	19.3
901	0.6746	-0.0036	19.3
902	0.6746	-0.0048	19.3
903	0.6746	-0.0024	19.3
904	0.6746	-0.0037	19.3
905	0.6746	-0.0006	19.3
906	0.6746	-0.0032	19.3
907	0.6746	-0.0054	19.3
908	0.6746	-0.003	19.3
909	0.6746	-0.0028	19.3
910	0.6746	-0.0049	19.3
911	0.6746	-0.0038	19.3
912	0.6745	-0.0066	19.3
913	0.6746	-0.0019	19.3
914	0.6746	-0.0028	19.3
915	0.6746	-0.0015	19.3
916	0.6746	-0.0028	19.3
917	0.6745	-0.0048	19.3
918	0.6745	-0.0021	19.3
919	0.6746	-0.0048	19.3
920	0.6746	-0.0039	19.3
921	0.6745	-0.003	19.3
922	0.6746	-0.003	19.3
923	0.6746	0.0019	19.3
924	0.6745	-0.0034	19.3
925	0.6746	-0.0025	19.3
926	0.6746	-0.0067	19.3
927	0.6745	-0.0043	19.3
928	0.6745	-0.0022	19.3
929	0.6745	-0.0062	19.3
930	0.6745	-0.0007	19.3
931	0.6745	-0.0035	19.3
932	0.6745	-0.0054	19.3
933	0.6745	-0.0064	19.3
934	0.6745	-0.0024	19.3
935	0.6744	-0.0071	19.3
936	0.6745	-0.0039	19.3
937	0.6745	-0.0069	19.3
938	0.6744	-0.006	19.3
939	0.6745	-0.0029	19.3
940	0.6744	-0.0064	19.3
941	0.6745	0.0003	19.3
942	0.6745	-0.0041	19.3
943	0.6744	-0.0055	19.3
944	0.6744	-0.0023	19.3
945	0.6745	-0.0041	19.3
946	0.6745	-0.0034	19.3
947	0.6745	-0.0014	19.3
948	0.6745	-0.0043	19.3
949	0.6745	0.0041	19.3
950	0.6744	-0.0048	19.3
951	0.6745	-0.0024	19.3
952	0.6745	-0.0027	19.3
953	0.6745	-0.0039	19.3
954	0.6745	-0.0017	19.3
955	0.6744	-0.0054	19.3
956	0.6745	-0.0047	19.3
957	0.6744	-0.0035	19.3
958	0.6744	-0.0031	19.3
959	0.6745	-0.0038	19.3
960	0.6744	-0.0037	19.3
961	0.6744	-0.006	19.3
962	0.6745	-0.0037	19.3
963	0.6745	-0.0015	19.3
964	0.6744	-0.0077	19.3
965	0.6744	-0.0015	19.3
966	0.6744	-0.0056	19.3
967	0.6744	-0.0039	19.3
968	0.6744	-0.0025	19.3
969	0.6744	-0.0036	19.3
970	0.6744	-0.0034	19.3
971	0.6744	-0.0034	19.3
972	0.6744	-0.0042	19.3
973	0.6744	-0.0046	19.3
974	0.6744	-0.0033	19.3
975	0.6744	-0.0021	19.3
976	0.6744	-0.0012	19.3
977	0.6744	-0.0045	19.3
978	0.6744	-0.0008	19.3
979	0.6744	-0.0014	19.3
980	0.6744	-0.0014	19.3
981	0.6744	-0.0085	19.3
982	0.6744	-0.0056	19.3
983	0.6744	-0.0003	19.3
984	0.6744	-0.0043	19.3
985	0.6743	-0.0032	19.3
986	0.6744	-0.0017	19.3
987	0.6744	-0.0012	19.3
988	0.6743	-0.0024	19.3
989	0.6744	-0.0042	19.3
990	0.6744	-0.0032	19.3
991	0.6743	-0.0051	19.3
992	0.6743	-0.0041	19.3
993	0.6743	-0.0072	19.3
994	0.6743	-0.0054	19.3
995	0.6743	-0.003	19.3
996	0.6744	-0.002	19.3
997	0.6743	-0.0019	19.3
998	0.6743	-0.0031	19.3
999	0.6743	-0.0043	19.3
1000	0.6743	-0.0044	19.3
1001	0.6743	-0.0032	19.3
1002	0.6743	-0.0036	19.3
1003	0.6742	-0.0072	19.3
1004	0.6743	-0.0027	19.3
1005	0.6743	-0.0005	19.3
1006	0.6743	-0.0014	19.3
1007	0.6742	-0.0061	19.3
1008	0.6742	-0.0066	19.3
1009	0.6743	-0.0049	19.3
1010	0.6743	-0.0038	19.3
1011	0.6743	-0.0039	19.3
1012	0.6742	-0.0025	19.3
1013	0.6743	-0.0037	19.3
1014	0.6743	-0.0046	19.3
1015	0.6743	-0.004	19.3
1016	0.6743	-0.0026	19.3
1017	0.6742	-0.0066	19.3
1018	0.6743	-0.0042	19.3
1019	0.6743	-0.0026	19.3
1020	0.6743	-0.0004	19.3
1021	0.6742	-0.0032	19.3
1022	0.6743	-0.0027	19.3
1023	0.6742	-0.0051	19.3
1024	0.6742	-0.003	19.3
1025	0.6742	-0.0049	19.3
1026	0.6742	-0.0015	19.3
1027	0.6742	-0.0032	19.3
1028	0.6742	-0.0062	19.3
1029	0.6742	0.0006	19.3
1030	0.6742	-0.0072	19.3
1031	0.6742	-0.0036	19.3
1032	0.6742	-0.0003	19.3
1033	0.6742	-0.0073	19.3
1034	0.6742	-0.0056	19.3
1035	0.6742	-0.0012	19.3
1036	0.6741	-0.0031	19.3
1037	0.6742	-0.0034	19.3
1038	0.6741	-0.0086	19.3
1039	0.6742	-0.0043	19.3
1040	0.6742	-0.0051	19.3
1041	0.6742	-0.0058	19.3
1042	0.6742	-0.0016	19.3
1043	0.6742	-0.0013	19.3
1044	0.6741	-0.0053	19.3
1045	0.6741	-0.0016	19.3
1046	0.6742	-0.0011	19.3
1047	0.6742	-0.0028	19.3
1048	0.6741	-0.0064	19.3
1049	0.6741	-0.0028	19.3
1050	0.6741	-0.0058	19.3
1051	0.6741	-0.0025	19.3
1052	0.6741	-0.0022	19.3
1053	0.6741	-0.0064	19.3
1054	0.6741	-0.0042	19.3
1055	0.6741	-0.0052	19.3
1056	0.6741	-0.0031	19.3
1057	0.6741	-0.0049	19.3
1058	0.6741	-0.0007	19.3
1059	0.6741	-0.0025	19.3
1060	0.6741	-0.0038	19.3
1061	0.674	-0.007	19.3
1062	0.674	-0.0049	19.3
1063	0.6741	-0.004	19.3
1064	0.674	-0.0076	19.3
1065	0.6741	-0.005	19.3
1066	0.674	-0.0029	19.3
1067	0.674	-0.002	19.3
1068	0.6741	-0.0038	19.3
1069	0.6741	-0.0028	19.3
1070	0.674	-0.0016	19.3
1071	0.674	-0.0021	19.3
1072	0.674	-0.0014	19.3
1073	0.674	-0.0036	19.3
1074	0.6741	-0.0008	19.3
1075	0.674	-0.005	19.3
1076	0.6741	-0.0035	19.3
1077	0.674	-0.0043	19.3
1078	0.674	-0.004	19.3
1079	0.674	-0.0045	19.3
1080	0.674	-0.0026	19.3
1081	0.674	-0.005	19.3
1082	0.674	-0.0015	19.3
1083	0.674	-0.0039	19.3
1084	0.674	-0.0042	19.3
1085	0.674	-0.002	19.3
1086	0.674	-0.0026	19.3
1087	0.6739	-0.0047	19.3
1088	0.6739	-0.0026	19.3
1089	0.6739	-0.0028	19.3
1090	0.6739	-0.0066	19.3
1091	0.6739	-0.0043	19.3
1092	0.6739	-0.0037	19.3
1093	0.6739	-0.0043	19.3
1094	0.674	-0.0037	19.3
1095	0.674	-0.003	19.3
1096	0.674	-0.0043	19.3
1097	0.674	-0.0002	19.3
1098	0.6739	-0.0062	19.3
1099	0.674	0.0008	19.3
1100	0.674	-0.0025	19.3
1101	0.6739	-0.0058	19.3
1102	0.6739	-0.0064	19.3
1103	0.6739	-0.0039	19.3
1104	0.6738	-0.0085	19.3
1105	0.6739	-0.0044	19.3
1106	0.6739	-0.0034	19.3
1107	0.6739	-0.0031	19.3
1108	0.6739	-0.005	19.3
1109	0.6739	-0.0008	19.3
1110	0.6739	-0.0033	19.3
1111	0.6739	-0.0005	19.3
1112	0.6739	-0.0054	19.3
1113	0.6739	-0.003	19.3
1114	0.6739	-0.0023	19.3
1115	0.6739	-0.0028	19.3
1116	0.6738	-0.0048	19.3
1117	0.6738	-0.002	19.3
1118	0.6738	-0.0078	19.3
1119	0.6738	-0.0006	19.3
1120	0.6739	-0.0021	19.3
1121	0.6738	-0.0074	19.3
1122	0.6739	0.0017	19.3
1123	0.6738	-0.0012	19.3
1124	0.6738	-0.0064	19.3
1125	0.6738	-0.0042	19.3
1126	0.6738	-0.0047	19.3
1127	0.6738	-0.0046	19.3
1128	0.6738	-0.004	19.3
1129	0.6738	-0.0044	19.3
1130	0.6738	-0.0029	19.3
1131	0.6738	-0.0029	19.3
1132	0.6737	-0.0059	19.3
1133	0.6738	-0.0056	19.3
1134	0.6738	0.0002	19.3
1135	0.6737	-0.0034	19.3
1136	0.6738	-0.005	19.3
1137	0.6737	-0.006	19.3
1138	0.6738	-0.0036	19.3
1139	0.6738	-0.0016	19.3
1140	0.6737	-0.0022	19.3
1141	0.6737	-0.004	19.3
1142	0.6737	-0.003	19.3
1143	0.6737	-0.0052	19.3
1144	0.6737	-0.0035	19.3
1145	0.6738	0.0018	19.3
1146	0.6737	-0.0043	19.3
1147	0.6738	-0.0012	19.3
1148	0.6738	-0.0007	19.3
1149	0.6737	-0.0033	19.3
1150	0.6737	-0.0047	19.3
1151	0.6736	-0.0071	19.3
1152	0.6737	-0.0059	19.3
1153	0.6737	-0.0034	19.3
1154	0.6737	-0.0031	19.3
1155	0.6737	-0.0049	19.3
1156	0.6737	-0.0027	19.3
1157	0.6736	-0.0058	19.3
1158	0.6737	0.0002	19.3
1159	0.6737	-0.0036	19.3
1160	0.6736	-0.0065	19.3
1161	0.6737	0.0004	19.3
1162	0.6737	-0.0057	19.3
1163	0.6736	-0.0054	19.3
1164	0.6737	-0.0085	19.3
1165	0.6737	-0.0002	19.3
1166	0.6737	-0.0023	19.3
1167	0.6737	-0.0018	19.3
1168	0.6736	-0.0018	19.3
1169	0.6737	-0.0041	19.3
1170	0.6737	-0.0048	19.3
1171	0.6737	-0.0029	19.3
1172	0.6737	-0.0069	19.3
1173	0.6737	-0.0007	19.3
1174	0.6736	-0.0027	19.3
1175	0.6736	-0.006	19.3
1176	0.6736	-0.0027	19.3
1177	0.6736	-0.0053	19.3
1178	0.6736	-0.0012	19.3
1179	0.6736	-0.0015	19.3
1180	0.6736	-0.0067	19.3
1181	0.6736	-0.0044	19.3
1182	0.6736	-0.0027	19.3
1183	0.6736	-0.0016	19.3
1184	0.6737	-0.0016	19.3
1185	0.6737	-0.0007	19.3
1186	0.6737	-0.005	19.3
1187	0.6736	-0.002	19.3
1188	0.6736	-0.0076	19.3
1189	0.6736	-0.0033	19.3
1190	0.6736	-0.0027	19.3
1191	0.6736	0.0004	19.3
1192	0.6736	-0.0037	19.3
1193	0.6736	-0.0033	19.3
1194	0.6736	-0.0018	19.3
1195	0.6736	-0.0015	19.3
1196	0.6736	-0.0044	19.3
1197	0.6736	-0.0044	19.3
1198	0.6736	-0.0036	19.3
1199	0.6736	-0.0027	19.3
1200	0.6736	-0.0042	19.3
1201	0.6736	-0.0015	19.3
1202	0.6736	-0.0043	19.3
1203	0.6736	-0.0041	19.3
1204	0.6735	-0.0035	19.3
1205	0.6735	-0.0064	19.3
1206	0.6736	-0.0025	19.3
1207	0.6736	-0.0026	19.3
1208	0.6736	-0.0028	19.3
1209	0.6736	-0.0045	19.3
1210	0.6736	-0.0037	19.3
1211	0.6736	-0.0056	19.3
1212	0.6736	-0.0017	19.3
1213	0.6736	-0.0049	19.3
1214	0.6735	-0.0017	19.3
1215	0.6736	-0.004	19.3
1216	0.6736	-0.0026	19.3
1217	0.6736	-0.0046	19.3
1218	0.6736	-0.0026	19.3
1219	0.6735	-0.006	19.3
1220	0.6736	-0.0033	19.3
1221	0.6736	-0.0006	19.3
1222	0.6735	-0.0054	19.3
1223	0.6735	-0.0045	19.3
1224	0.6736	-0.0012	19.3
1225	0.6735	-0.0044	19.3
1226	0.6735	-0.0026	19.3
1227	0.6736	-0.0018	19.3
1228	0.6736	-0.0035	19.3
1229	0.6736	0.0001	19.3
1230	0.6735	-0.002	19.3
1231	0.6735	-0.003	19.3
1232	0.6735	-0.0034	19.3
1233	0.6734	-0.006	19.3
1234	0.6735	-0.0038	19.3
1235	0.6735	-0.0044	19.3
1236	0.6735	-0.0053	19.3
1237	0.6735	-0.0033	19.3
1238	0.6735	-0.0005	19.3
1239	0.6735	-0.0008	19.3
1240	0.6735	-0.001	19.3
1241	0.6734	-0.0067	19.3
1242	0.6735	-0.0044	19.3
1243	0.6735	-0.0021	19.3
1244	0.6734	-0.0048	19.3
1245	0.6734	-0.0051	19.3
1246	0.6734	-0.0053	19.3
1247	0.6734	-0.0029	19.3
1248	0.6734	-0.003	19.3
1249	0.6735	-0.0025	19.3
1250	0.6735	-0.0035	19.3
1251	0.6734	-0.0049	19.3
1252	0.6734	-0.0045	19.3
1253	0.6734	-0.0091	19.3
1254	0.6734	-0.0012	19.3
1255	0.6734	-0.0063	19.3
1256	0.6734	-0.0056	19.3
1257	0.6734	-0.0036	19.3
1258	0.6734	-0.006	19.3
1259	0.6735	-0.0023	19.3
1260	0.6734	-0.0044	19.3
1261	0.6735	-0.0019	19.3
1262	0.6734	-0.0079	19.3
1263	0.6734	-0.0017	19.3
1264	0.6734	-0.0031	19.3
1265	0.6735	-0.0032	19.3
1266	0.6734	-0.0019	19.3
1267	0.6734	-0.0053	19.3
1268	0.6735	-0.0021	19.3
1269	0.6734	-0.0022	19.3
1270	0.6734	-0.0039	19.3
1271	0.6734	-0.0021	19.3
1272	0.6734	-0.0059	19.3
1273	0.6734	-0.0032	19.3
1274	0.6734	-0.0031	19.3
1275	0.6733	-0.0043	19.3
1276	0.6734	-0.0037	19.3
1277	0.6733	-0.0054	19.3
1278	0.6733	-0.004	19.3
1279	0.6734	-0.0046	19.3
1280	0.6734	-0.0034	19.3
1281	0.6733	-0.0017	19.3
1282	0.6734	-0.0018	19.3
1283	0.6734	-0.0015	19.3
1284	0.6734	-0.0011	19.3
1285	0.6734	-0.0025	19.3
1286	0.6734	-0.0007	19.3
1287	0.6734	-0.0044	19.3
1288	0.6734	-0.0058	19.3
1289	0.6734	0.0007	19.3
1290	0.6733	-0.0065	19.3
1291	0.6734	-0.0048	19.3
1292	0.6734	-0.0036	19.3
1293	0.6733	-0.0066	19.3
1294	0.6733	-0.0035	19.3
1295	0.6733	-0.0038	19.3
1296	0.6733	-0.0049	19.3
1297	0.6733	-0.0029	19.3
1298	0.6733	-0.0023	19.3
1299	0.6733	-0.0039	19.3
1300	0.6733	-0.0017	19.3
1301	0.6733	-0.0042	19.3
1302	0.6733	-0.0044	19.3
1303	0.6733	-0.006	19.3
1304	0.6733	-0.0052	19.3
1305	0.6733	-0.0058	19.3
1306	0.6733	-0.0026	19.3
1307	0.6733	-0.0012	19.3
1308	0.6734	-0.0018	19.3
1309	0.6733	-0.0031	19.3
1310	0.6733	-0.0056	19.3
1311	0.6733	-0.0061	19.3
1312	0.6733	-0.0014	19.3
1313	0.6732	-0.0054	19.3
1314	0.6732	-0.0032	19.3
1315	0.6733	-0.0058	19.3
1316	0.6733	0.0005	19.3
1317	0.6732	-0.0051	19.3
1318	0.6732	-0.0025	19.3
1319	0.6732	-0.0063	19.3
1320	0.6733	-0.0037	19.3
1321	0.6733	-0.0038	19.3
1322	0.6733	-0.0009	19.3
1323	0.6732	-0.0068	19.3
1324	0.6733	-0.0015	19.3
1325	0.6732	-0.0053	19.3
1326	0.6732	-0.0022	19.3
1327	0.6733	-0.0004	19.3
1328	0.6732	-0.0053	19.3
1329	0.6732	-0.0062	19.3
1330	0.6732	-0.0001	19.3
1331	0.6732	-0.0038	19.3
1332	0.6732	-0.0047	19.3
1333	0.6732	-0.0025	19.3
1334	0.6733	0.0028	19.3
1335	0.6732	-0.0047	19.3
1336	0.6733	-0.0025	19.3
1337	0.6732	-0.0028	19.3
1338	0.6732	-0.0023	19.3
1339	0.6732	-0.0038	19.3
1340	0.6732	-0.0048	19.3
1341	0.6732	-0.0058	19.3
1342	0.6732	-0.0056	19.3
1343	0.6732	-0.0032	19.3
1344	0.6732	-0.0031	19.3
1345	0.6732	-0.0039	19.3
1346	0.6731	-0.0026	19.3
1347	0.6732	-0.0025	19.3
1348	0.6732	-0.002	19.3
1349	0.6731	-0.003	19.3
1350	0.6731	-0.0045	19.3
1351	0.6731	-0.0009	19.3
1352	0.6731	-0.0071	19.3
1353	0.6731	-0.0006	19.3
1354	0.6731	-0.0039	19.3
1355	0.6731	-0.0054	19.3
1356	0.6732	-0.0015	19.3
1357	0.6732	-0.0019	19.3
1358	0.6731	-0.0056	19.3
1359	0.6732	0.0001	19.3
1360	0.6731	-0.0047	19.3
1361	0.6731	-0.0018	19.3
1362	0.6731	-0.0027	19.3
1363	0.6731	-0.0027	19.3
1364	0.6731	-0.0028	19.3
1365	0.6731	0.0006	19.3
1366	0.6731	-0.0052	19.3
1367	0.6731	-0.0042	19.3
1368	0.6731	-0.0049	19.3
1369	0.673	-0.0078	19.3
1370	0.6731	-0.0033	19.3
1371	0.6731	-0.0009	19.3
1372	0.6731	0.0019	19.3
1373	0.6731	-0.0005	19.3
1374	0.6731	-0.0031	19.3
1375	0.673	-0.005	19.3
1376	0.6731	-0.0003	19.3
1377	0.6731	-0.0023	19.3
1378	0.6731	-0.0017	19.3
1379	0.6731	-0.0026	19.3
1380	0.6731	-0.0017	19.3
1381	0.673	-0.0036	19.3
1382	0.673	-0.0051	19.3
1383	0.6731	-0.0004	19.3
1384	0.6731	-0.0008	19.3
1385	0.673	-0.0067	19.3
1386	0.673	-0.0037	19.3
1387	0.6731	-0.0014	19.3
1388	0.673	-0.0038	19.3
1389	0.673	-0.0046	19.3
1390	0.673	-0.0066	19.3
1391	0.673	-0.0035	19.3
1392	0.673	-0.0069	19.3
1393	0.673	-0.001	19.3
1394	0.673	-0.0003	19.3
1395	0.6731	-0.0039	19.3
1396	0.673	-0.0025	19.3
1397	0.673	-0.0019	19.3
1398	0.6731	0.0012	19.3
1399	0.673	-0.0048	19.3
1400	0.673	-0.0046	19.3
1401	0.673	-0.0021	19.3
1402	0.673	-0.0043	19.3
1403	0.673	-0.0034	19.3
1404	0.673	-0.0004	19.3
1405	0.673	-0.0029	19.3
1406	0.6729	-0.0014	19.3
1407	0.673	-0.0046	19.3
1408	0.673	-0.0028	19.3
1409	0.6729	-0.0053	19.3
1410	0.673	-0.0024	19.3
1411	0.673	-0.0004	19.3
1412	0.673	0.0006	19.3
1413	0.673	-0.0051	19.3
1414	0.673	-0.0036	19.3
1415	0.673	-0.0031	19.3
1416	0.673	-0.0061	19.3
1417	0.673	-0.0046	19.3
1418	0.673	-0.0068	19.3
1419	0.673	-0.0051	19.3
1420	0.673	-0.0024	19.3
1421	0.6729	-0.0026	19.3
1422	0.673	-0.0043	19.3
1423	0.673	-0.0056	19.3
1424	0.673	-0.0023	19.3
1425	0.6729	-0.0038	19.3
1426	0.673	-0.0032	19.3
1427	0.6729	-0.0051	19.3
1428	0.6729	-0.0026	19.3
1429	0.6729	-0.0032	19.3
1430	0.6729	-0.006	19.3
1431	0.6729	-0.0039	19.3
1432	0.6729	-0.0031	19.3
1433	0.6729	-0.0037	19.3
1434	0.6729	-0.0042	19.3
1435	0.6729	-0.0023	19.3
1436	0.6729	-0.003	19.3
1437	0.6729	-0.0033	19.3
1438	0.6729	-0.0024	19.3
1439	0.6729	-0.0044	19.3
1440	0.6729	-0.0037	19.3
1441	0.6729	-0.0029	19.3
1442	0.6729	-0.0035	19.3
1443	0.6729	-0.0037	19.3
1444	0.6729	-0.0084	19.3
1445	0.6729	-0.003	19.3
1446	0.6729	-0.0017	19.3
1447	0.6728	-0.0055	19.3
1448	0.6728	-0.0086	19.3
1449	0.6729	-0.0059	19.3
1450	0.6729	-0.0051	19.3
1451	0.6728	-0.0021	19.3
1452	0.6729	-0.0043	19.3
1453	0.6729	-0.003	19.3
1454	0.6729	-0.0019	19.3
1455	0.6729	-0.0017	19.3
1456	0.6729	-0.005	19.3
1457	0.6729	-0.0045	19.3
1458	0.6729	-0.003	19.3
1459	0.6729	-0.0041	19.3
1460	0.6729	-0.002	19.3
1461	0.6728	-0.0045	19.3
1462	0.6728	-0.0058	19.3
1463	0.6728	-0.0051	19.3
1464	0.6728	-0.006	19.3
1465	0.6728	-0.0049	19.3
1466	0.6729	-0.0029	19.3
1467	0.6729	-0.0046	19.3
1468	0.6729	-0.005	19.3
1469	0.6728	-0.0004	19.3
1470	0.6729	-0.0007	19.3
1471	0.6729	0.0002	19.3
1472	0.6729	-0.0056	19.3
1473	0.6728	-0.0026	19.3
1474	0.6728	-0.0046	19.3
1475	0.6728	-0.0029	19.3
1476	0.6729	-0.0014	19.3
1477	0.6728	-0.0037	19.3
1478	0.6728	-0.0006	19.3
1479	0.6728	-0.0009	19.3
1480	0.6729	-0.0012	19.3
1481	0.6728	-0.0052	19.3
1482	0.6729	-0.0015	19.3
1483	0.6728	-0.0021	19.3
1484	0.6728	-0.0041	19.3
1485	0.6728	-0.0002	19.3
1486	0.6728	-0.0054	19.3
1487	0.6727	-0.0055	19.3
1488	0.6728	-0.0017	19.3
1489	0.6728	-0.0007	19.3
1490	0.6727	-0.0076	19.3
1491	0.6728	-0.0009	19.3
1492	0.6728	-0.006	19.3
1493	0.6728	-0.001	19.3
1494	0.6728	-0.0018	19.3
1495	0.6727	-0.0038	19.3
1496	0.6728	-0.0045	19.3
1497	0.6727	-0.0067	19.3
1498	0.6728	-0.0029	19.3
1499	0.6727	-0.003	19.3
1500	0.6727	-0.0025	19.3
1501	0.6727	-0.0029	19.3
1502	0.6727	-0.0067	19.3
1503	0.6728	-0.0024	19.3
1504	0.6727	-0.0022	19.3
1505	0.6727	-0.0066	19.3
1506	0.6727	-0.0016	19.3
1507	0.6728	-0.0062	19.3
1508	0.6727	-0.005	19.3
1509	0.6727	-0.0024	19.3
1510	0.6727	-0.0031	19.3
1511	0.6727	-0.003	19.3
1512	0.6727	-0.0051	19.3
1513	0.6727	-0.0078	19.3
1514	0.6727	-0.0009	19.3
1515	0.6727	-0.0056	19.3
1516	0.6727	0.0007	19.3
1517	0.6727	-0.0006	19.3
1518	0.6727	-0.0062	19.3
1519	0.6727	-0.0006	19.3
1520	0.6727	-0.0048	19.3
1521	0.6727	-0.0011	19.3
1522	0.6727	-0.0031	19.3
1523	0.6727	-0.0067	19.3
1524	0.6727	-0.0027	19.3
1525	0.6727	-0.0039	19.3
1526	0.6727	-0.0033	19.3
1527	0.6727	-0.0012	19.3
1528	0.6727	0.0011	19.3
1529	0.6727	-0.0041	19.3
1530	0.6727	-0.0022	19.3
1531	0.6727	-0.0035	19.3
1532	0.6727	-0.0044	19.3
1533	0.6727	-0.0021	19.3
1534	0.6726	-0.0044	19.3
1535	0.6727	-0.0013	19.3
1536	0.6727	-0.0039	19.3
1537	0.6726	-0.0063	19.3
1538	0.6726	-0.0072	19.3
1539	0.6726	-0.0062	19.3
1540	0.6727	-0.0042	19.3
1541	0.6727	-0.0004	19.3
1542	0.6727	-0.0033	19.3
1543	0.6727	-0.0024	19.3
1544	0.6727	-0.0018	19.3
1545	0.6726	-0.0034	19.3
1546	0.6726	-0.0052	19.3
1547	0.6726	-0.0022	19.3
1548	0.6726	-0.0049	19.3
1549	0.6726	-0.0045	19.3
1550	0.6726	-0.0029	19.3
1551	0.6726	-0.0011	19.3
1552	0.6726	-0.0058	19.3
1553	0.6726	-0.0012	19.3
1554	0.6726	-0.0031	19.3
1555	0.6726	-0.0017	19.3
1556	0.6726	-0.0009	19.3
1557	0.6726	-0.0043	19.3
1558	0.6726	-0.0031	19.3
1559	0.6726	-0.0051	19.3
1560	0.6726	-0.004	19.3
1561	0.6726	0	19.3
1562	0.6726	-0.0069	19.3
1563	0.6726	-0.0006	19.3
1564	0.6725	-0.0069	19.3
1565	0.6726	0	19.3
1566	0.6726	-0.0058	19.3
1567	0.6726	0.0004	19.3
1568	0.6726	-0.0052	19.3
1569	0.6726	-0.0038	19.3
1570	0.6726	-0.0053	19.3
1571	0.6726	-0.0039	19.3
1572	0.6726	-0.0029	19.3
1573	0.6726	-0.0012	19.3
1574	0.6726	-0.005	19.3
1575	0.6726	-0.007	19.3
1576	0.6726	-0.0014	19.3
1577	0.6725	-0.0038	19.3
1578	0.6725	-0.0026	19.3
1579	0.6726	0	19.3
1580	0.6725	-0.004	19.3
1581	0.6726	-0.0011	19.3
1582	0.6726	-0.0044	19.3
1583	0.6726	-0.0034	19.3
1584	0.6726	-0.0048	19.3
1585	0.6725	-0.0063	19.3
1586	0.6725	-0.005	19.3
1587	0.6725	-0.0028	19.3
1588	0.6725	-0.0052	19.3
1589	0.6725	-0.006	19.3
1590	0.6725	0.0005	19.3
1591	0.6725	-0.0039	19.3
1592	0.6725	-0.0012	19.3
1593	0.6725	-0.0061	19.3
1594	0.6725	-0.0036	19.3
1595	0.6725	-0.0034	19.3
1596	0.6725	-0.004	19.3
1597	0.6725	-0.0049	19.3
1598	0.6725	-0.0035	19.3
1599	0.6725	-0.0053	19.3
1600	0.6725	-0.0033	19.3
1601	0.6726	0.0014	19.3
1602	0.6725	-0.004	19.3
1603	0.6725	-0.0023	19.3
1604	0.6725	-0.0022	19.3
1605	0.6725	-0.0044	19.3
1606	0.6725	0.0013	19.3
1607	0.6725	-0.0044	19.3
1608	0.6725	-0.0014	19.3
1609	0.6725	-0.0011	19.3
1610	0.6725	-0.0017	19.3
1611	0.6725	-0.0063	19.3
1612	0.6725	-0.0037	19.3
1613	0.6725	-0.0012	19.3
1614	0.6725	-0.0042	19.3
1615	0.6725	-0.0048	19.3
1616	0.6725	-0.0039	19.3
1617	0.6725	-0.0042	19.3
1618	0.6724	-0.0005	19.3
1619	0.6725	-0.0051	19.3
1620	0.6725	-0.0018	19.3
1621	0.6725	-0.0034	19.3
1622	0.6725	-0.0017	19.3
1623	0.6725	-0.0009	19.3
1624	0.6724	-0.0044	19.3
1625	0.6725	-0.0031	19.3
1626	0.6725	-0.0014	19.3
1627	0.6725	-0.0001	19.3
1628	0.6725	-0.0014	19.3
1629	0.6725	-0.001	19.3
1630	0.6725	-0.0035	19.3
1631	0.6725	0.0002	19.3
1632	0.6724	-0.0045	19.3
1633	0.6725	-0.0015	19.3
1634	0.6725	-0.0034	19.3
1635	0.6725	-0.005	19.3
1636	0.6724	-0.0077	19.3
1637	0.6725	-0.0048	19.3
1638	0.6724	-0.0031	19.3
1639	0.6724	-0.0032	19.3
1640	0.6724	-0.0033	19.3
1641	0.6724	-0.0007	19.3
1642	0.6724	-0.0037	19.3
1643	0.6724	-0.0022	19.3
1644	0.6724	-0.0038	19.3
1645	0.6724	-0.0026	19.3
1646	0.6725	-0.0031	19.3
1647	0.6724	-0.0034	19.3
1648	0.6724	-0.0061	19.3
1649	0.6724	-0.0035	19.3
1650	0.6724	-0.0005	19.3
1651	0.6725	-0.0035	19.3
1652	0.6725	-0.0018	19.3
1653	0.6724	-0.0012	19.3
1654	0.6724	-0.0037	19.3
1655	0.6724	-0.0055	19.3
1656	0.6725	0.0011	19.3
1657	0.6724	-0.0028	19.3
1658	0.6724	-0.0025	19.3
1659	0.6724	-0.0025	19.3
1660	0.6724	-0.0001	19.3
1661	0.6724	-0.0043	19.3
1662	0.6724	0.0002	19.3
1663	0.6723	-0.0067	19.3
1664	0.6724	-0.002	19.3
1665	0.6724	-0.0045	19.3
1666	0.6724	-0.0027	19.3
1667	0.6724	-0.0013	19.3
1668	0.6724	-0.0017	19.3
1669	0.6724	-0.0063	19.3
1670	0.6724	-0.0028	19.3
1671	0.6723	-0.0069	19.3
1672	0.6724	-0.0028	19.3
1673	0.6724	-0.002	19.3
1674	0.6724	-0.003	19.3
1675	0.6724	-0.0073	19.3
1676	0.6724	-0.006	19.3
1677	0.6724	-0.0001	19.3
1678	0.6724	-0.005	19.3
1679	0.6724	0.0002	19.3
1680	0.6724	-0.0019	19.3
1681	0.6723	-0.0026	19.3
1682	0.6724	-0.0021	19.3
1683	0.6724	-0.0015	19.3
1684	0.6724	-0.0053	19.3
1685	0.6724	-0.0028	19.3
1686	0.6724	-0.0024	19.3
1687	0.6724	-0.0044	19.3
1688	0.6724	-0.0018	19.3
1689	0.6724	-0.0048	19.3
1690	0.6724	-0.0055	19.3
1691	0.6723	-0.0046	19.3
1692	0.6723	-0.0042	19.3
1693	0.6724	-0.0047	19.3
1694	0.6723	-0.0026	19.3
1695	0.6723	-0.0065	19.3
1696	0.6724	-0.0042	19.3
1697	0.6724	-0.0037	19.3
1698	0.6723	-0.0064	19.3
1699	0.6724	-0.0003	19.3
1700	0.6723	-0.0065	19.3
1701	0.6723	-0.0023	19.3
1702	0.6723	-0.0015	19.3
1703	0.6723	-0.0041	19.3
1704	0.6723	-0.0055	19.3
1705	0.6723	-0.0076	19.3
1706	0.6723	-0.0039	19.3
1707	0.6723	-0.0005	19.3
1708	0.6723	-0.0025	19.3
1709	0.6722	-0.0047	19.3
1710	0.6724	-0.0008	19.3
1711	0.6723	-0.0062	19.3
1712	0.6723	-0.0059	19.3
1713	0.6723	-0.0009	19.3
1714	0.6723	-0.006	19.3
1715	0.6723	-0.0028	19.3
1716	0.6723	-0.0027	19.3
1717	0.6723	-0.0038	19.3
1718	0.6723	-0.0018	19.3
1719	0.6723	-0.0023	19.3
1720	0.6723	-0.0045	19.3
1721	0.6723	-0.0049	19.3
1722	0.6723	-0.0033	19.3
1723	0.6723	-0.0049	19.3
1724	0.6723	-0.0015	19.3
1725	0.6723	-0.002	19.3
1726	0.6723	-0.0085	19.3
1727	0.6723	0.0014	19.3
1728	0.6723	0.0011	19.3
1729	0.6723	-0.0026	19.3
1730	0.6723	-0.0029	19.3
1731	0.6723	-0.0014	19.3
1732	0.6722	-0.0057	19.3
1733	0.6723	-0.0026	19.3
1734	0.6723	-0.0027	19.3
1735	0.6723	-0.0009	19.3
1736	0.6723	-0.0012	19.3
1737	0.6723	-0.0027	19.3
1738	0.6723	-0.0005	19.3
1739	0.6723	-0.0003	19.3
1740	0.6723	-0.0056	19.3
1741	0.6723	-0.0022	19.3
1742	0.6723	-0.0022	19.3
1743	0.6722	-0.0038	19.3
1744	0.6722	-0.0033	19.3
1745	0.6723	-0.0021	19.3
1746	0.6723	-0.003	19.3
1747	0.6723	-0.0007	19.3
1748	0.6723	-0.0011	19.3
1749	0.6723	-0.0019	19.3
1750	0.6723	-0.0013	19.3
1751	0.6722	-0.0054	19.3
1752	0.6723	-0.0025	19.3
1753	0.6723	-0.0024	19.3
1754	0.6723	-0.0035	19.3
1755	0.6722	-0.0024	19.3
1756	0.6722	-0.0022	19.3
1757	0.6723	-0.002	19.3
1758	0.6723	-0.0042	19.3
1759	0.6722	-0.0046	19.3
1760	0.6722	-0.0036	19.3
1761	0.6723	-0.005	19.3
1762	0.6723	-0.0036	19.3
1763	0.6722	-0.0005	19.3
1764	0.6723	-0.0011	19.3
1765	0.6722	-0.0078	19.3
1766	0.6723	-0.0019	19.3
1767	0.6722	-0.0028	19.3
1768	0.6723	-0.0026	19.3
1769	0.6723	-0.0049	19.3
1770	0.6723	-0.0044	19.3
1771	0.6722	-0.0038	19.3
1772	0.6723	0.0013	19.3
1773	0.6722	-0.0014	19.3
1774	0.6723	0.0009	19.3
1775	0.6723	-0.0035	19.3
1776	0.6723	-0.0018	19.3
1777	0.6723	-0.0012	19.3
1778	0.6722	-0.0016	19.3
1779	0.6722	-0.0039	19.3
1780	0.6722	-0.0065	19.3
1781	0.6722	-0.0024	19.3
1782	0.6722	-0.0048	19.3
1783	0.6723	-0.002	19.3
1784	0.6722	-0.0012	19.3
1785	0.6722	-0.0031	19.3
1786	0.6722	-0.0022	19.3
1787	0.6722	-0.0047	19.3
1788	0.6722	-0.0041	19.3
1789	0.6722	-0.0026	19.3
1790	0.6722	0.0008	19.3
1791	0.6722	0.0002	19.3
1792	0.6722	-0.0031	19.3
1793	0.6722	-0.0035	19.3
1794	0.6722	-0.0005	19.3
1795	0.6722	-0.0031	19.3
1796	0.6722	-0.0033	19.3
1797	0.6722	-0.0035	19.3
1798	0.6722	-0.002	19.3
1799	0.6722	-0.0044	19.3
1800	0.6722	-0.0025	19.3
1801	0.6722	-0.0036	19.3
1802	0.6722	-0.005	19.3
1803	0.6722	-0.0036	19.3
1804	0.6722	-0.0032	19.3
1805	0.6721	-0.0048	19.3
1806	0.6722	-0.0025	19.3
1807	0.6722	-0.0004	19.3
1808	0.6722	-0.0035	19.3
1809	0.6722	-0.0012	19.3
1810	0.6722	-0.0022	19.3
1811	0.6722	-0.0039	19.3
1812	0.6722	-0.0032	19.3
1813	0.6722	-0.0045	19.3
1814	0.6722	-0.0041	19.3
1815	0.6722	-0.0026	19.3
1816	0.6721	-0.0035	19.3
1817	0.6721	-0.0036	19.3
1818	0.6721	-0.0027	19.3
1819	0.6722	-0.0037	19.3
1820	0.6722	-0.0022	19.3
1821	0.6722	-0.0024	19.3
1822	0.6722	-0.0042	19.3
1823	0.6722	0.0019	19.3
1824	0.6722	-0.0013	19.3
1825	0.6722	-0.0012	19.3
1826	0.6721	-0.0024	19.3
1827	0.6721	-0.0048	19.3
1828	0.6722	-0.003	19.3
1829	0.6722	-0.0001	19.3
1830	0.6722	-0.0014	19.3
1831	0.6722	-0.0011	19.3
1832	0.6722	-0.0034	19.3
1833	0.6722	-0.0009	19.3
1834	0.6724	0.0093	19.3
1835	0.6727	0.0189	19.3
1836	0.6733	0.0318	19.3
1837	0.6741	0.0494	19.3
1838	0.6751	0.0592	19.3
1839	0.6763	0.0728	19.3
1840	0.6776	0.0737	19.3
1841	0.6791	0.0871	19.3
1842	0.6806	0.0861	19.3
1843	0.682	0.0911	19.3
1844	0.6836	0.0935	19.3
1845	0.6851	0.0887	19.3
1846	0.6867	0.094	19.3
1847	0.6883	0.088	19.3
1848	0.6899	0.0939	19.3
1849	0.6915	0.0831	19.3
1850	0.693	0.0927	19.3
1851	0.6946	0.0851	19.3
1852	0.6961	0.0881	19.3
1853	0.6975	0.0859	19.3
1854	0.699	0.0893	19.3
1855	0.7006	0.0859	19.3
1856	0.702	0.0797	19.3
1857	0.7033	0.0739	19.3
1858	0.7048	0.0795	19.3
1859	0.7061	0.072	19.3
1860	0.7074	0.0794	19.3
1861	0.7087	0.0712	19.3
1862	0.7099	0.0637	19.3
1863	0.7111	0.0748	19.3
1864	0.7123	0.0639	19.3
1865	0.7136	0.0706	19.3
1866	0.7147	0.0645	19.3
1867	0.7158	0.0633	19.3
1868	0.7169	0.0532	19.3
1869	0.7179	0.0585	19.3
1870	0.7188	0.0594	19.3
1871	0.7198	0.0527	19.3
1872	0.7207	0.0474	19.3
1873	0.7215	0.0444	19.3
1874	0.7222	0.0342	19.3
1875	0.7229	0.0378	19.3
1876	0.7237	0.0429	19.3
1877	0.7244	0.0338	19.3
1878	0.7248	0.015	19.3
1879	0.7253	0.0252	19.3
1880	0.7256	0.022	19.3
1881	0.726	0.0164	19.3
1882	0.7263	0.016	19.3
1883	0.7266	0.012	19.3
1884	0.7268	0.0054	19.3
1885	0.7271	0.0089	19.3
1886	0.7271	-0.001	19.3
1887	0.7272	0.0047	19.3
1888	0.7272	-0.0067	19.3
1889	0.7273	-0.0026	19.3
1890	0.7272	-0.0042	19.3
1891	0.7272	-0.012	19.3
1892	0.727	-0.0104	19.3
1893	0.7269	-0.0081	19.3
1894	0.7267	-0.0055	19.3
1895	0.7267	-0.0098	19.3
1896	0.7265	-0.0142	19.3
1897	0.7263	-0.0172	19.3
1898	0.7261	-0.0153	19.3
1899	0.7259	-0.0158	19.3
1900	0.7258	-0.0068	19.3
1901	0.7255	-0.0194	19.3
1902	0.7252	-0.0206	19.3
1903	0.7249	-0.0216	19.3
1904	0.7245	-0.0205	19.3
1905	0.7242	-0.0243	19.3
1906	0.724	-0.0154	19.3
1907	0.7237	-0.0208	19.3
1908	0.7234	-0.0205	19.3
1909	0.7229	-0.0332	19.3
1910	0.7226	-0.0252	19.3
1911	0.7223	-0.0218	19.3
1912	0.7219	-0.0228	19.3
1913	0.7215	-0.0261	19.3
1914	0.7212	-0.0279	19.3
1915	0.7208	-0.0256	19.3
1916	0.7205	-0.0225	19.3
1917	0.72	-0.0291	19.3
1918	0.7196	-0.0317	19.3
1919	0.7192	-0.0263	19.3
1920	0.7187	-0.0287	19.3
1921	0.7183	-0.0299	19.3
1922	0.7179	-0.0282	19.3
1923	0.7174	-0.0304	19.3
1924	0.7171	-0.0256	19.3
1925	0.7166	-0.0273	19.3
1926	0.7162	-0.0289	19.3
1927	0.7157	-0.029	19.3
1928	0.7153	-0.0317	19.3
1929	0.7148	-0.0292	19.3
1930	0.7144	-0.031	19.3
1931	0.714	-0.0216	19.3
1932	0.7135	-0.0323	19.3
1933	0.7132	-0.0289	19.3
1934	0.7127	-0.0288	19.3
1935	0.7123	-0.0278	19.3
1936	0.7119	-0.0277	19.3
1937	0.7114	-0.03	19.3
1938	0.711	-0.0302	19.3
1939	0.7105	-0.0295	19.3
1940	0.7101	-0.0335	19.3
1941	0.7096	-0.0293	19.3
1942	0.7091	-0.0287	19.3
1943	0.7087	-0.0316	19.3
1944	0.7083	-0.0267	19.3
1945	0.7079	-0.0291	19.3
1946	0.7074	-0.026	19.3
1947	0.707	-0.0252	19.3
1948	0.7065	-0.031	19.3
1949	0.7062	-0.0285	19.3
1950	0.7057	-0.0249	19.3
1951	0.7052	-0.0321	19.3
1952	0.7048	-0.0291	19.3
1953	0.7044	-0.0308	19.3
1954	0.7039	-0.0332	19.3
1955	0.7034	-0.0289	19.3
1956	0.7031	-0.0269	19.3
1957	0.7026	-0.0283	19.3
1958	0.7021	-0.0288	19.3
1959	0.7017	-0.0265	19.3
1960	0.7013	-0.0306	19.3
1961	0.7009	-0.0282	19.3
1962	0.7005	-0.0261	19.3
1963	0.7	-0.0305	19.3
1964	0.6996	-0.0258	19.3
1965	0.6992	-0.0269	19.3
1966	0.6987	-0.0292	19.3
1967	0.6983	-0.0258	19.3
1968	0.6979	-0.0288	19.3
1969	0.6975	-0.0258	19.3
1970	0.6969	-0.0309	19.3
1971	0.6966	-0.0302	19.3
1972	0.6962	-0.0253	19.3
1973	0.6958	-0.0215	19.3
1974	0.6953	-0.0294	19.3
1975	0.695	-0.0292	19.3
1976	0.6946	-0.0236	19.3
1977	0.6942	-0.0291	19.3
1978	0.6937	-0.027	19.3
1979	0.6933	-0.025	19.3
1980	0.6929	-0.0272	19.3
1981	0.6925	-0.0242	19.3
1982	0.6922	-0.0245	19.3
1983	0.6918	-0.0227	19.3
1984	0.6914	-0.0265	19.3
1985	0.6911	-0.0251	19.3
1986	0.6906	-0.0266	19.3
1987	0.6903	-0.0228	19.3
1988	0.6899	-0.025	19.3
1989	0.6895	-0.0261	19.3
1990	0.6892	-0.0235	19.3
1991	0.6889	-0.0235	19.3
1992	0.6885	-0.025	19.3
1993	0.6881	-0.0233	19.3
1994	0.6878	-0.0214	19.3
1995	0.6875	-0.0216	19.3
1996	0.6871	-0.0234	19.3
1997	0.6868	-0.0234	19.3
1998	0.6865	-0.021	19.3
1999	0.6862	-0.023	19.3
2000	0.6859	-0.027	19.3
2001	0.6856	-0.0172	19.3
2002	0.6853	-0.0184	19.3
2003	0.685	-0.0207	19.3
2004	0.6847	-0.0216	19.3
2005	0.6845	-0.0165	19.3
2006	0.6842	-0.0221	19.3
2007	0.6839	-0.0222	19.3
2008	0.6837	-0.0181	19.3
2009	0.6834	-0.0191	19.3
2010	0.6831	-0.0203	19.3
2011	0.683	-0.0161	19.3
2012	0.6827	-0.0185	19.3
2013	0.6825	-0.0168	19.3
2014	0.6823	-0.0189	19.3
2015	0.6821	-0.0138	19.3
2016	0.6818	-0.0161	19.3
2017	0.6816	-0.0172	19.3
2018	0.6814	-0.0149	19.3
2019	0.6812	-0.0159	19.3
2020	0.681	-0.0138	19.3
2021	0.6808	-0.0152	19.3
2022	0.6806	-0.0157	19.3
2023	0.6804	-0.0157	19.3
2024	0.6803	-0.0122	19.3
2025	0.6801	-0.0149	19.3
2026	0.6799	-0.0122	19.3
2027	0.6797	-0.0157	19.3
2028	0.6796	-0.0108	19.3
2029	0.6794	-0.0149	19.3
2030	0.6792	-0.0125	19.3
2031	0.6791	-0.014	19.3
2032	0.6789	-0.0134	19.3
2033	0.6788	-0.0105	19.3
2034	0.6786	-0.014	19.3
2035	0.6785	-0.0115	19.3
2036	0.6783	-0.0126	19.3
2037	0.6782	-0.0124	19.3
2038	0.6781	-0.0112	19.3
2039	0.678	-0.0051	19.3
2040	0.6778	-0.0104	19.3
2041	0.6777	-0.0102	19.3
2042	0.6776	-0.0121	19.3
2043	0.6775	-0.009	19.3
2044	0.6773	-0.0089	19.3
2045	0.6773	-0.0076	19.3
2046	0.6771	-0.0105	19.3
2047	0.6771	-0.0065	19.3
2048	0.6769	-0.0111	19.3
2049	0.6768	-0.0095	19.3
2050	0.6766	-0.0117	19.3
2051	0.6766	-0.0073	19.3
2052	0.6765	-0.0083	19.3
2053	0.6765	-0.0056	19.3
2054	0.6763	-0.0066	19.3
2055	0.6762	-0.0083	19.3
2056	0.6761	-0.0085	19.3
2057	0.676	-0.0077	19.3
2058	0.676	-0.0053	19.3
2059	0.6758	-0.0114	19.3
2060	0.6758	-0.012	19.3
2061	0.6757	-0.0078	19.3
2062	0.6757	-0.0066	19.3
2063	0.6756	-0.0074	19.3
2064	0.6755	-0.0077	19.3
2065	0.6754	-0.0096	19.3
2066	0.6754	-0.0045	19.3
2067	0.6753	-0.0088	19.3
2068	0.6753	-0.0074	19.3
2069	0.6752	-0.0105	19.3
2070	0.6751	-0.0052	19.3
2071	0.675	-0.0114	19.3
2072	0.675	-0.006	19.3
2073	0.6749	-0.0092	19.3
2074	0.6748	-0.0039	19.3
2075	0.6748	-0.007	19.3
2076	0.6748	-0.0064	19.3
2077	0.6747	-0.0031	19.3
2078	0.6747	-0.0047	19.3
2079	0.6746	-0.0053	19.3
2080	0.6745	-0.0081	19.3
2081	0.6745	-0.0089	19.3
2082	0.6745	-0.0041	19.3
2083	0.6744	-0.008	19.3
2084	0.6743	-0.0042	19.3
2085	0.6743	-0.0061	19.3
2086	0.6742	-0.0059	19.3
2087	0.6742	-0.0069	19.3
2088	0.6742	-0.006	19.3
2089	0.6741	-0.0035	19.3
2090	0.6741	-0.0042	19.3
2091	0.674	-0.0049	19.3
2092	0.674	-0.0083	19.3
2093	0.674	-0.0044	19.3
2094	0.6739	-0.0053	19.3
2095	0.6738	-0.0089	19.3
2096	0.6738	-0.0043	19.3
2097	0.6737	-0.008	19.3
2098	0.6737	-0.0059	19.3
2099	0.6737	-0.0068	19.3
2100	0.6736	-0.0061	19.3
2101	0.6736	-0.0044	19.3
2102	0.6736	-0.0085	19.3
2103	0.6735	-0.0065	19.3
2104	0.6735	-0.0033	19.3
2105	0.6735	-0.005	19.3
2106	0.6735	-0.0037	19.3
2107	0.6734	-0.0076	19.3
2108	0.6734	-0.0079	19.3
2109	0.6734	-0.0034	19.3
2110	0.6734	0.0009	19.3
2111	0.6733	-0.0035	19.3
2112	0.6733	-0.0068	19.3
2113	0.6732	-0.002	19.3
2114	0.6732	-0.0086	19.3
2115	0.6732	-0.0022	19.3
2116	0.6731	-0.0025	19.3
2117	0.6731	-0.0056	19.3
2118	0.6731	-0.0054	19.3
2119	0.6731	-0.0076	19.3
2120	0.673	-0.0051	19.3
2121	0.673	-0.0049	19.3
2122	0.6731	-0.0026	19.3
2123	0.6729	-0.0081	19.3
2124	0.6729	-0.0061	19.3
2125	0.673	-0.0055	19.3
2126	0.6729	-0.0066	19.3
2127	0.6729	-0.0038	19.3
2128	0.6728	-0.007	19.3
2129	0.6728	-0.0057	19.3
2130	0.6728	-0.0027	19.3
2131	0.6727	-0.0059	19.3
2132	0.6727	-0.0026	19.3
2133	0.6727	-0.0037	19.3
2134	0.6727	-0.0039	19.3
2135	0.6727	-0.0062	19.3
2136	0.6726	-0.0048	19.3
2137	0.6726	-0.007	19.3
2138	0.6726	-0.0048	19.3
2139	0.6726	-0.0033	19.3
2140	0.6725	-0.007	19.3
2141	0.6726	-0.0049	19.3
2142	0.6725	-0.0037	19.3
2143	0.6725	-0.0032	19.3
2144	0.6724	-0.0054	19.3
2145	0.6724	-0.0036	19.3
2146	0.6725	-0.0033	19.3
2147	0.6725	-0.0014	19.3
2148	0.6724	-0.0068	19.3
2149	0.6724	-0.0039	19.3
2150	0.6723	-0.0066	19.3
2151	0.6724	-0.005	19.3
2152	0.6724	-0.0038	19.3
2153	0.6723	-0.0041	19.3
2154	0.6723	-0.0026	19.3
2155	0.6723	-0.0036	19.3
2156	0.6723	-0.0075	19.3
2157	0.6723	-0.0073	19.3
2158	0.6723	-0.0011	19.3
2159	0.6723	-0.004	19.3
2160	0.6722	-0.0021	19.3
2161	0.6723	-0.0039	19.3
2162	0.6723	-0.0032	19.3
2163	0.6723	-0.0034	19.3
2164	0.6722	-0.0024	19.3
2165	0.6722	-0.005	19.3
2166	0.6722	-0.0012	19.3
2167	0.6722	-0.0045	19.3
2168	0.6722	-0.0045	19.3
2169	0.6722	-0.0025	19.3
2170	0.6721	-0.0072	19.3
2171	0.6721	-0.0022	19.3
2172	0.6721	-0.0038	19.3
2173	0.6721	-0.0045	19.3
2174	0.6721	-0.0047	19.3
2175	0.6721	-0.0029	19.3
2176	0.6721	-0.0021	19.3
2177	0.6721	-0.0051	19.3
2178	0.672	-0.0074	19.3
2179	0.672	-0.0053	19.3
2180	0.672	-0.0019	19.3
2181	0.672	-0.0048	19.3
2182	0.672	-0.0057	19.3
2183	0.672	-0.0053	19.3
2184	0.672	-0.001	19.3
2185	0.6719	-0.0039	19.3
2186	0.672	-0.0026	19.3
2187	0.672	-0.0015	19.3
2188	0.6719	-0.0053	19.3
2189	0.6719	-0.0023	19.3
2190	0.6719	-0.0067	19.3
2191	0.6719	-0.0048	19.3
2192	0.6719	-0.0083	19.3
2193	0.6719	-0.0042	19.3
2194	0.6718	-0.0055	19.3
2195	0.6719	-0.0002	19.3
2196	0.6718	-0.0066	19.3
2197	0.6718	-0.0039	19.3
2198	0.6718	-0.0021	19.3
2199	0.6718	-0.0039	19.3
2200	0.6718	-0.0015	19.3
2201	0.6718	-0.0032	19.3
2202	0.6719	-0.002	19.3
2203	0.6718	-0.0028	19.3
2204	0.6718	-0.0042	19.3
2205	0.6718	-0.0028	19.3
2206	0.6717	-0.0029	19.3
2207	0.6718	-0.0015	19.3
2208	0.6717	-0.0056	19.3
2209	0.6718	-0.0007	19.3
2210	0.6717	-0.0033	19.3
2211	0.6718	-0.0009	19.3
2212	0.6717	-0.0085	19.3
2213	0.6717	-0.0073	19.3
2214	0.6717	-0.0024	19.3
2215	0.6717	-0.004	19.3
2216	0.6717	-0.0039	19.3
2217	0.6717	-0.0048	19.3
2218	0.6717	-0.0041	19.3
2219	0.6717	-0.0055	19.3
2220	0.6717	0.0009	19.3
2221	0.6717	-0.004	19.3
2222	0.6717	-0.0027	19.3
2223	0.6717	-0.0007	19.3
2224	0.6716	-0.0056	19.3
2225	0.6716	-0.0024	19.3
2226	0.6716	-0.0037	19.3
2227	0.6716	-0.0065	19.3
2228	0.6716	-0.0018	19.3
2229	0.6716	-0.0029	19.3
2230	0.6716	-0.0023	19.3
2231	0.6716	-0.0043	19.3
2232	0.6715	-0.005	19.3
2233	0.6716	-0.004	19.3
2234	0.6715	-0.0026	19.3
2235	0.6715	-0.0082	19.3
2236	0.6716	-0.0007	19.3
2237	0.6716	-0.0029	19.3
2238	0.6715	-0.0011	19.3
2239	0.6715	-0.0058	19.3
2240	0.6715	0.001	19.3
2241	0.6715	-0.0027	19.3
2242	0.6715	-0.0024	19.3
2243	0.6715	0.0001	19.3
2244	0.6715	-0.0053	19.3
2245	0.6715	-0.0003	19.3
2246	0.6715	-0.0028	19.3
2247	0.6715	-0.0012	19.3
2248	0.6715	-0.0035	19.3
2249	0.6715	-0.0032	19.3
2250	0.6715	-0.0029	19.3
2251	0.6715	-0.0031	19.3
2252	0.6715	-0.0034	19.3
2253	0.6715	0.0026	19.3
2254	0.6715	-0.0005	19.3
2255	0.6715	-0.0038	19.3
2256	0.6715	-0.0055	19.3
2257	0.6714	-0.0024	19.3
2258	0.6714	-0.0064	19.3
2259	0.6715	-0.0011	19.3
2260	0.6714	-0.0009	19.3
2261	0.6714	-0.0033	19.3
2262	0.6714	-0.0003	19.3
2263	0.6714	-0.0058	19.3
2264	0.6714	-0.0075	19.3
2265	0.6715	0.0006	19.3
2266	0.6714	-0.0076	19.3
2267	0.6714	-0.003	19.3
2268	0.6714	-0.0062	19.3
2269	0.6714	-0.0026	19.3
2270	0.6714	-0.005	19.3
2271	0.6714	-0.0048	19.3
2272	0.6713	-0.0042	19.3
2273	0.6713	-0.0034	19.3
2274	0.6713	-0.0055	19.3
2275	0.6714	-0.0023	19.3
2276	0.6714	-0.0012	19.3
2277	0.6713	0.0007	19.3
2278	0.6713	-0.007	19.3
2279	0.6713	-0.0065	19.3
2280	0.6713	-0.0038	19.3
2281	0.6714	0	19.3
2282	0.6714	0.0021	19.3
2283	0.6713	-0.0036	19.3
2284	0.6714	-0.0019	19.3
2285	0.6713	-0.0086	19.3
2286	0.6713	-0.0035	19.3
2287	0.6714	0.0013	19.3
2288	0.6713	-0.0061	19.3
2289	0.6713	-0.0066	19.3
2290	0.6713	-0.0004	19.3
2291	0.6713	-0.0041	19.3
2292	0.6713	-0.0044	19.3
2293	0.6713	-0.0042	19.3
2294	0.6713	-0.0043	19.3
2295	0.6713	-0.0047	19.3
2296	0.6713	-0.0024	19.3
2297	0.6712	-0.0083	19.3
2298	0.6712	-0.0044	19.3
2299	0.6713	-0.0039	19.3
2300	0.6713	-0.0022	19.3
2301	0.6712	-0.0054	19.3
2302	0.6713	-0.0002	19.3
2303	0.6712	-0.0049	19.3
2304	0.6712	-0.0027	19.3
2305	0.6713	-0.0031	19.3
2306	0.6712	-0.0061	19.3
2307	0.6712	-0.0021	19.3
2308	0.6713	-0.0018	19.3
2309	0.6713	-0.0023	19.3
2310	0.6712	-0.0026	19.3
2311	0.6712	-0.0043	19.3
2312	0.6712	-0.0015	19.3
2313	0.6712	-0.0034	19.3
2314	0.6712	-0.0054	19.3
2315	0.6712	-0.0007	19.3
2316	0.6712	0.0016	19.3
2317	0.6712	-0.0042	19.3
2318	0.6712	-0.0004	19.3
2319	0.6712	-0.006	19.3
2320	0.6712	-0.0046	19.3
2321	0.6712	-0.0032	19.3
2322	0.6712	-0.0048	19.3
2323	0.6712	-0.0019	19.3
2324	0.6712	-0.0042	19.3
2325	0.6712	-0.0027	19.3
2326	0.6712	-0.0007	19.3
2327	0.6712	-0.0038	19.3
2328	0.6712	-0.0037	19.3
2329	0.6712	-0.0066	19.3
2330	0.6712	-0.0022	19.3
2331	0.6712	-0.0056	19.3
2332	0.6712	-0.0012	19.3
2333	0.6712	-0.004	19.3
2334	0.6712	-0.0042	19.3
2335	0.6712	-0.0049	19.3
2336	0.6711	-0.0033	19.3
2337	0.6712	-0.0025	19.3
2338	0.6712	-0.0069	19.3
2339	0.6712	-0.0015	19.3
2340	0.6712	-0.0026	19.3
2341	0.6711	-0.0024	19.3
2342	0.6711	-0.0057	19.3
2343	0.6712	-0.0039	19.3
2344	0.6711	-0.0071	19.3
2345	0.6711	-0.0049	19.3
2346	0.6712	-0.0022	19.3
2347	0.6711	-0.0008	19.3
2348	0.6711	-0.0061	19.3
2349	0.6712	-0.0032	19.3
2350	0.6712	-0.0054	19.3
2351	0.6712	-0.0044	19.3
2352	0.6711	-0.0014	19.3
2353	0.6711	-0.0046	19.3
2354	0.6711	-0.0056	19.3
2355	0.6711	-0.0019	19.3
2356	0.6711	-0.0056	19.3
2357	0.6711	-0.0022	19.3
2358	0.6711	-0.0039	19.3
2359	0.6711	-0.0036	19.3
2360	0.6712	-0.0061	19.3
2361	0.6712	-0.002	19.3
2362	0.6711	-0.0044	19.3
2363	0.6711	-0.0044	19.3
2364	0.6711	-0.0008	19.3
2365	0.6711	-0.0052	19.3
2366	0.6711	-0.0047	19.3
2367	0.6711	-0.005	19.3
2368	0.6711	-0.0036	19.3
2369	0.6712	-0.0014	19.3
2370	0.6711	-0.0024	19.3
2371	0.6711	-0.0025	19.3
2372	0.6711	-0.0046	19.3
2373	0.6711	-0.0012	19.3
2374	0.6711	-0.0047	19.3
2375	0.6711	-0.0018	19.3
2376	0.6711	-0.0073	19.3
2377	0.6711	-0.0022	19.3
2378	0.6711	0.0012	19.3
2379	0.6711	-0.0018	19.3
2380	0.6711	-0.0047	19.3
2381	0.6711	-0.004	19.3
2382	0.6711	-0.003	19.3
2383	0.6711	-0.0008	19.3
2384	0.6711	-0.0012	19.3
2385	0.6711	-0.0029	19.3
2386	0.6711	-0.0037	19.3
2387	0.6711	-0.0045	19.3
2388	0.6711	-0.0045	19.3
2389	0.6711	-0.0049	19.3
2390	0.671	-0.0064	19.3
2391	0.6711	-0.0033	19.3
2392	0.6711	-0.0039	19.3
2393	0.671	-0.0048	19.3
2394	0.6711	-0.0034	19.3
2395	0.6711	-0.0046	19.3
2396	0.6711	-0.0028	19.3
2397	0.6711	-0.0024	19.3
2398	0.6711	-0.0029	19.3
2399	0.6711	-0.007	19.3
2400	0.6711	-0.0044	19.3
2401	0.6711	-0.0039	19.3
2402	0.6711	-0.0019	19.3
2403	0.6711	-0.0022	19.3
2404	0.6711	-0.0013	19.3
2405	0.6711	0.0005	19.3
2406	0.6711	-0.0021	19.3
2407	0.6711	0.0002	19.3
2408	0.6711	-0.0009	19.3
2409	0.6711	-0.0034	19.3
2410	0.6711	-0.0046	19.3
2411	0.6711	-0.0056	19.3
2412	0.6711	-0.0018	19.3
2413	0.671	-0.0057	19.3
2414	0.6711	-0.0021	19.3
2415	0.6711	-0.0052	19.3
2416	0.6711	-0.0011	19.3
2417	0.6711	-0.0028	19.3
2418	0.6711	-0.0037	19.3
2419	0.671	-0.0042	19.3
2420	0.6711	-0.0019	19.3
2421	0.671	-0.003	19.3
2422	0.671	-0.0031	19.3
2423	0.6711	-0.0021	19.3
2424	0.671	-0.0052	19.3
2425	0.671	-0.0016	19.3
2426	0.6711	-0.0005	19.3
2427	0.671	-0.0078	19.3
2428	0.671	-0.001	19.3
2429	0.6711	0.002	19.3
2430	0.671	-0.0037	19.3
2431	0.6711	-0.0021	19.3
2432	0.671	-0.0065	19.3
2433	0.671	0.001	19.3
2434	0.671	-0.0046	19.3
2435	0.671	-0.004	19.3
2436	0.671	-0.0046	19.3
2437	0.671	-0.0008	19.3
2438	0.671	-0.0039	19.3
2439	0.671	-0.0017	19.3
2440	0.671	-0.0037	19.3
2441	0.671	-0.0033	19.3
2442	0.671	-0.0045	19.3
2443	0.671	-0.0041	19.3
2444	0.671	-0.0049	19.3
2445	0.6711	0.0003	19.3
2446	0.671	-0.005	19.3
2447	0.671	-0.0055	19.3
2448	0.671	-0.0033	19.3
2449	0.671	-0.0023	19.3
2450	0.671	-0.0011	19.3
2451	0.671	-0.0014	19.3
2452	0.671	-0.0071	19.3
2453	0.671	-0.0056	19.3
2454	0.671	-0.0023	19.3
2455	0.671	-0.0033	19.3
2456	0.671	-0.0042	19.3
2457	0.671	-0.0052	19.3
2458	0.671	-0.0006	19.3
2459	0.671	-0.0002	19.3
2460	0.671	-0.0034	19.3
2461	0.671	-0.0034	19.3
2462	0.671	-0.0054	19.3
2463	0.6709	-0.0052	19.3
2464	0.671	-0.0041	19.3
2465	0.671	-0.0017	19.3
2466	0.6711	-0.0019	19.3
2467	0.671	-0.0033	19.3
2468	0.671	-0.0065	19.3
2469	0.671	-0.0005	19.3
2470	0.671	-0.0066	19.3
2471	0.671	-0.0008	19.3
2472	0.6709	-0.0046	19.3
2473	0.671	-0.0041	19.3
2474	0.6711	0	19.3
2475	0.671	-0.003	19.3
2476	0.671	-0.0024	19.3
2477	0.671	-0.0041	19.3
2478	0.671	-0.0047	19.3
2479	0.671	-0.0012	19.3
2480	0.671	-0.0047	19.3
2481	0.671	-0.0019	19.3
2482	0.671	-0.0052	19.3
2483	0.671	-0.004	19.3
2484	0.671	-0.0038	19.3
2485	0.671	-0.0009	19.3
2486	0.671	-0.0048	19.3
2487	0.671	-0.0005	19.3
2488	0.671	-0.0044	19.3
2489	0.6709	-0.0055	19.3
2490	0.671	-0.0024	19.3
2491	0.6709	-0.0065	19.3
2492	0.671	-0.0018	19.3
2493	0.671	-0.0038	19.3
2494	0.671	-0.0034	19.3
2495	0.6709	-0.0043	19.3
2496	0.671	-0.0019	19.3
2497	0.671	-0.0015	19.3
2498	0.671	0.0003	19.3
2499	0.671	-0.0016	19.3
2500	0.6709	-0.0062	19.3
2501	0.671	0.0016	19.3
2502	0.671	-0.0036	19.3
2503	0.671	-0.0049	19.3
2504	0.6709	-0.0023	19.3
2505	0.6709	-0.0045	19.3
2506	0.6709	-0.004	19.3
2507	0.671	-0.0042	19.3
2508	0.6709	-0.0051	19.3
2509	0.6709	-0.0038	19.3
2510	0.6709	-0.0056	19.3
2511	0.6709	-0.0036	19.3
2512	0.671	-0.0022	19.3
2513	0.671	-0.0037	19.3
2514	0.6709	-0.0021	19.3
2515	0.671	-0.0008	19.3
2516	0.671	-0.0048	19.3
2517	0.671	-0.0021	19.3
2518	0.6709	-0.001	19.3
2519	0.6709	-0.0034	19.3
2520	0.6709	-0.005	19.3
2521	0.671	-0.0036	19.3
2522	0.6709	-0.0043	19.3
2523	0.6709	-0.0068	19.3
2524	0.6709	-0.0025	19.3
2525	0.671	-0.0046	19.3
2526	0.6709	-0.0016	19.3
2527	0.6709	-0.0006	19.3
2528	0.6709	-0.0031	19.3
2529	0.6709	-0.002	19.3
2530	0.6709	-0.0026	19.3
2531	0.6709	-0.006	19.3
2532	0.671	-0.0062	19.3
2533	0.6709	-0.0036	19.3
2534	0.6709	-0.0037	19.3
2535	0.6709	-0.0045	19.3
2536	0.671	-0.0008	19.3
2537	0.671	-0.0016	19.3
2538	0.6709	-0.0043	19.3
2539	0.6709	-0.0053	19.3
2540	0.6709	-0.0039	19.3
2541	0.6709	0.001	19.3
2542	0.6709	-0.0061	19.3
2543	0.6709	-0.0028	19.3
2544	0.6709	-0.0041	19.3
2545	0.6709	-0.0041	19.3
2546	0.6709	-0.001	19.3
2547	0.6709	-0.0031	19.3
2548	0.6709	-0.0077	19.3
2549	0.6709	-0.0008	19.3
2550	0.6709	-0.0027	19.3
2551	0.6709	-0.0026	19.3
2552	0.6709	-0.0019	19.3
2553	0.6709	-0.0069	19.3
2554	0.6709	-0.0085	19.3
2555	0.6709	-0.0014	19.3
2556	0.6709	-0.0032	19.3
2557	0.6709	-0.003	19.3
2558	0.6709	0	19.3
2559	0.6708	-0.0022	19.3
2560	0.6709	-0.0036	19.3
2561	0.6708	-0.0044	19.3
2562	0.6709	-0.0028	19.3
2563	0.6709	-0.0012	19.3
2564	0.6708	-0.0041	19.3
2565	0.6708	-0.0061	19.3
2566	0.6709	-0.0036	19.3
2567	0.6709	-0.0034	19.3
2568	0.6709	-0.0042	19.3
2569	0.6709	0.0005	19.3
2570	0.6709	-0.0052	19.3
2571	0.6709	-0.0058	19.3
2572	0.6709	-0.0047	19.3
2573	0.6708	-0.0031	19.3
2574	0.6709	-0.0017	19.3
2575	0.6709	-0.0011	19.3
2576	0.6709	-0.0032	19.3
2577	0.6708	-0.0016	19.3
2578	0.6708	-0.0022	19.3
2579	0.6709	-0.0051	19.3
2580	0.6709	-0.0018	19.3
2581	0.6709	-0.0032	19.3
2582	0.6709	0.0016	19.3
2583	0.6709	-0.0043	19.3
2584	0.6709	0.0009	19.3
2585	0.6709	-0.0057	19.3
2586	0.6709	-0.0009	19.3
2587	0.6708	-0.0032	19.3
2588	0.6708	-0.0062	19.3
2589	0.6708	-0.0046	19.3
2590	0.6709	-0.001	19.3
2591	0.6709	-0.0057	19.3
2592	0.6708	-0.0003	19.3
2593	0.6708	-0.005	19.3
2594	0.6709	-0.0006	19.3
2595	0.6709	0.0017	19.3
2596	0.6709	-0.0052	19.3
2597	0.6709	-0.003	19.3
2598	0.6709	-0.0025	19.3
2599	0.6709	-0.006	19.3
2600	0.6709	-0.0006	19.3
2601	0.6709	-0.0044	19.3
2602	0.6709	-0.0007	19.3
2603	0.6709	0.0007	19.3
2604	0.6709	-0.0048	19.3
2605	0.6709	-0.0016	19.3
2606	0.6709	-0.0022	19.3
2607	0.6709	-0.0013	19.3
2608	0.6709	-0.0037	19.3
2609	0.6709	-0.0048	19.3
2610	0.6709	-0.0025	19.3
2611	0.6708	-0.001	19.3
2612	0.6709	-0.0034	19.3
2613	0.6709	-0.0069	19.3
2614	0.6709	-0.0021	19.3
2615	0.6709	-0.0055	19.3
2616	0.6709	-0.0058	19.3
2617	0.6709	-0.0015	19.3
2618	0.6709	-0.0042	19.3
2619	0.6709	0.0007	19.3
2620	0.6709	0.0017	19.3
2621	0.6708	-0.0047	19.3
2622	0.6709	0.001	19.3
2623	0.6708	-0.0047	19.3
2624	0.6709	-0.0023	19.3
2625	0.6709	-0.0048	19.3
2626	0.6709	-0.0019	19.3
2627	0.6709	-0.0013	19.3
2628	0.6709	-0.0019	19.3
2629	0.6709	-0.0009	19.3
2630	0.6709	-0.0041	19.3
2631	0.6708	-0.0026	19.3
2632	0.6709	-0.008	19.3
2633	0.6709	-0.0015	19.3
2634	0.6708	-0.0057	19.3
2635	0.6709	0.0003	19.3
2636	0.6708	-0.0038	19.3
2637	0.6709	-0.0035	19.3
2638	0.6709	-0.0031	19.3
2639	0.6709	-0.0037	19.3
2640	0.6708	-0.0011	19.3
2641	0.6709	-0.0053	19.3
2642	0.6709	-0.0033	19.3
2643	0.6709	0.0007	19.3
2644	0.6708	-0.0057	19.3
2645	0.6709	0.0016	19.3
2646	0.6709	-0.0023	19.3
2647	0.6709	-0.0005	19.3
2648	0.6708	-0.0064	19.3
2649	0.6708	-0.005	19.3
2650	0.6708	-0.0027	19.3
2651	0.6708	-0.0044	19.3
2652	0.6708	-0.0068	19.3
2653	0.6709	-0.003	19.3
2654	0.6709	-0.0028	19.3
2655	0.6708	-0.0048	19.3
2656	0.6709	-0.0028	19.3
2657	0.6708	-0.0004	19.3
2658	0.6709	-0.0015	19.3
2659	0.6708	-0.006	19.3
2660	0.6709	0.0004	19.3
2661	0.6708	-0.0041	19.3
2662	0.6708	-0.0034	19.3
2663	0.6709	-0.0029	19.3
2664	0.6708	-0.0032	19.3
2665	0.6709	0.001	19.3
2666	0.6708	-0.0036	19.3
2667	0.6708	-0.0028	19.3
2668	0.6708	-0.001	19.3
2669	0.6708	-0.0054	19.3
2670	0.6709	0.0021	19.3
2671	0.6708	-0.0048	19.3
2672	0.6709	-0.0028	19.3
2673	0.6708	-0.0037	19.3
2674	0.6708	-0.004	19.3
2675	0.6709	-0.0043	19.3
2676	0.6708	-0.0056	19.3
2677	0.6708	-0.0082	19.3
2678	0.6708	-0.0018	19.3
2679	0.6709	-0.0047	19.3
2680	0.6708	-0.0038	19.3
2681	0.6708	-0.0066	19.3
2682	0.6708	-0.0014	19.3
2683	0.6709	-0.0044	19.3
2684	0.6709	-0.0046	19.3
2685	0.6709	-0.0004	19.3
2686	0.6709	-0.0025	19.3
2687	0.6709	-0.0041	19.3
2688	0.6708	-0.0058	19.3
2689	0.6709	-0.0061	19.3
2690	0.6709	-0.0014	19.3
2691	0.6708	-0.0055	19.3
2692	0.6708	-0.0086	19.3
2693	0.6709	-0.0002	19.3
2694	0.6709	0.0013	19.3
2695	0.6709	-0.002	19.3
2696	0.6709	0	19.3
2697	0.6709	-0.0054	19.3
2698	0.6708	-0.0027	19.3
2699	0.6709	-0.0003	19.3
2700	0.6708	-0.0035	19.3
2701	0.6708	-0.0048	19.3
2702	0.6708	-0.0006	19.3
2703	0.6708	-0.0046	19.3
2704	0.6708	-0.0038	19.3
2705	0.6708	-0.0027	19.3
2706	0.6708	-0.0006	19.3
2707	0.6708	-0.0048	19.3
2708	0.6708	-0.0035	19.3
2709	0.6708	-0.0032	19.3
2710	0.6709	-0.0025	19.3
2711	0.6708	-0.0018	19.3
2712	0.6709	-0.0031	19.3
2713	0.6709	-0.0015	19.3
2714	0.6709	-0.0027	19.3
2715	0.6709	-0.0019	19.3
2716	0.6709	0.0001	19.3
2717	0.6708	-0.0019	19.3
2718	0.6708	-0.0045	19.3
2719	0.6708	-0.0016	19.3
2720	0.6709	-0.0036	19.3
2721	0.6709	-0.0012	19.3
2722	0.6708	-0.0047	19.3
2723	0.6708	-0.006	19.3
2724	0.6708	-0.0025	19.3
2725	0.6708	-0.0046	19.3
2726	0.6709	-0.0036	19.3
2727	0.6708	-0.0017	19.3
2728	0.6708	0.0001	19.3
2729	0.6709	-0.0022	19.3
2730	0.6709	-0.0076	19.3
2731	0.6709	-0.0013	19.3
2732	0.6708	-0.0013	19.3
2733	0.6708	-0.0042	19.3
2734	0.6708	-0.0059	19.3
2735	0.6709	-0.0049	19.3
2736	0.6708	-0.0013	19.3
2737	0.6708	-0.0034	19.3
2738	0.6709	-0.0006	19.3
2739	0.6708	-0.0037	19.3
2740	0.6709	0	19.3
2741	0.6708	-0.0037	19.3
2742	0.6708	-0.0047	19.3
2743	0.6708	-0.0008	19.3
2744	0.6709	-0.002	19.3
2745	0.6708	-0.0085	19.3
2746	0.6708	-0.008	19.3
2747	0.6709	-0.0006	19.3
2748	0.6708	-0.008	19.3
2749	0.6708	-0.0037	19.3
2750	0.6708	-0.0016	19.3
2751	0.6709	-0.0057	19.3
2752	0.6708	-0.004	19.3
2753	0.6708	-0.0055	19.3
2754	0.6708	-0.0035	19.3
2755	0.6708	-0.0051	19.3
2756	0.6708	-0.0039	19.3
2757	0.6708	-0.0069	19.3
2758	0.6708	-0.0034	19.3
2759	0.6708	-0.0011	19.3
2760	0.6708	-0.0003	19.3
2761	0.6708	-0.0027	19.3
2762	0.6708	-0.0051	19.3
2763	0.6708	-0.0023	19.3
2764	0.6708	-0.0025	19.3
2765	0.6708	-0.0047	19.3
2766	0.6709	-0.0014	19.3
2767	0.6708	-0.0031	19.3
2768	0.6708	-0.0072	19.3
2769	0.6708	-0.0041	19.3
2770	0.6708	-0.0052	19.3
2771	0.6709	-0.0034	19.3
2772	0.6709	0.0001	19.3
2773	0.6708	-0.0052	19.3
2774	0.6708	-0.0018	19.3
2775	0.6708	-0.0039	19.3
2776	0.6708	-0.0035	19.3
2777	0.6708	-0.0048	19.3
2778	0.6709	-0.0042	19.3
2779	0.6708	-0.0013	19.3
2780	0.6708	-0.0055	19.3
2781	0.6708	-0.002	19.3
2782	0.6708	-0.0074	19.3
2783	0.6708	-0.0031	19.3
2784	0.6708	-0.0034	19.3
2785	0.6708	-0.0017	19.3
2786	0.6708	-0.0021	19.3
2787	0.6708	-0.0011	19.3
2788	0.6708	-0.001	19.3
2789	0.6708	-0.0037	19.3
2790	0.6708	-0.004	19.3
2791	0.6709	0.002	19.3
2792	0.6708	-0.0046	19.3
2793	0.6708	-0.0047	19.3
2794	0.6708	-0.0041	19.3
2795	0.6708	-0.0009	19.3
2796	0.6708	-0.0035	19.3
2797	0.6708	-0.003	19.3
2798	0.6708	-0.0074	19.3
2799	0.6708	-0.0009	19.3
2800	0.6708	-0.0057	19.3
2801	0.6708	-0.0053	19.3
2802	0.6708	0.0031	19.3
2803	0.6708	-0.0017	19.3
2804	0.6707	-0.0048	19.3
2805	0.6708	-0.0035	19.3
2806	0.6708	-0.0041	19.3
2807	0.6708	-0.0012	19.3
2808	0.6708	-0.0005	19.3
2809	0.6708	-0.0015	19.3
2810	0.6708	-0.0035	19.3
2811	0.6709	0.002	19.3
2812	0.6708	-0.003	19.3
2813	0.6708	-0.0027	19.3
2814	0.6708	-0.0023	19.3
2815	0.6708	-0.0034	19.3
2816	0.6708	-0.005	19.3
2817	0.6708	-0.002	19.3
2818	0.6708	-0.0039	19.3
2819	0.6708	-0.0025	19.3
2820	0.6708	0	19.3
2821	0.6708	-0.0038	19.3
2822	0.6708	-0.0014	19.3
2823	0.6708	-0.0065	19.3
2824	0.6707	-0.0032	19.3
2825	0.6708	-0.0025	19.3
2826	0.6708	-0.003	19.3
2827	0.6708	-0.0031	19.3
2828	0.6709	-0.0029	19.3
2829	0.6708	-0.0048	19.3
2830	0.6708	-0.0037	19.3
2831	0.6708	-0.0032	19.3
2832	0.6708	-0.0094	19.3
2833	0.6708	-0.0052	19.3
2834	0.6708	0	19.3
2835	0.6708	-0.005	19.3
2836	0.6708	-0.0004	19.3
2837	0.6708	-0.0049	19.3
2838	0.6708	-0.0031	19.3
2839	0.6708	-0.0042	19.3
2840	0.6708	-0.0048	19.3
2841	0.6708	-0.0042	19.3
2842	0.6709	0.0013	19.3
2843	0.6708	-0.0063	19.3
2844	0.6708	-0.0038	19.3
2845	0.6709	-0.0009	19.3
2846	0.6707	-0.006	19.3
2847	0.6708	-0.0013	19.3
2848	0.6708	-0.0002	19.3
2849	0.6708	-0.0038	19.3
2850	0.6707	-0.0016	19.3
2851	0.6707	-0.0042	19.3
2852	0.6708	0.0007	19.3
2853	0.6708	-0.0031	19.3
2854	0.6707	-0.0036	19.3
2855	0.6708	-0.0027	19.3
2856	0.6708	-0.0016	19.3
2857	0.6708	-0.0035	19.3
2858	0.6708	-0.0002	19.3
2859	0.6708	0.0001	19.3
2860	0.6708	-0.0016	19.3
2861	0.6708	-0.0079	19.3
2862	0.6708	0.0011	19.3
2863	0.6708	-0.0044	19.3
2864	0.6708	-0.0022	19.3
2865	0.6708	-0.0041	19.3
2866	0.6707	-0.0051	19.3
2867	0.6708	0	19.3
2868	0.6708	-0.0055	19.3
2869	0.6708	-0.0058	19.3
2870	0.6708	-0.0025	19.3
2871	0.6708	-0.0003	19.3
2872	0.6708	-0.0048	19.3
2873	0.6707	-0.0042	19.3
2874	0.6708	0	19.3
2875	0.6707	-0.003	19.3
2876	0.6708	-0.0006	19.3
2877	0.6707	-0.0047	19.3
2878	0.6708	-0.0048	19.3
2879	0.6708	-0.0028	19.3
2880	0.6708	-0.0034	19.3
2881	0.6708	-0.0031	19.3
2882	0.6708	-0.0045	19.3
2883	0.6708	-0.0023	19.3
2884	0.6709	0.0006	19.3
2885	0.6708	-0.0018	19.3
2886	0.6708	-0.004	19.3
2887	0.6708	0.0001	19.3
2888	0.6708	-0.0035	19.3
2889	0.6708	-0.0021	19.3
2890	0.6708	-0.0028	19.3
2891	0.6708	-0.0048	19.3
2892	0.6707	-0.0044	19.3
2893	0.6708	-0.0047	19.3
2894	0.6708	-0.0046	19.3
2895	0.6708	-0.0002	19.3
2896	0.6708	-0.0028	19.3
2897	0.6708	-0.0039	19.3
2898	0.6708	-0.0011	19.3
2899	0.6707	-0.0035	19.3
2900	0.6708	-0.0007	19.3
2901	0.6708	-0.0031	19.3
2902	0.6707	-0.0025	19.3
2903	0.6708	-0.0017	19.3
2904	0.6708	0.0008	19.3
2905	0.6708	-0.0032	19.3
2906	0.6708	-0.0008	19.3
2907	0.6708	-0.0054	19.3
2908	0.6708	-0.0035	19.3
2909	0.6708	0.0007	19.3
2910	0.6708	-0.0041	19.3
2911	0.6708	-0.0054	19.3
2912	0.6708	-0.0016	19.3
2913	0.6708	-0.0014	19.3
2914	0.6708	0.0001	19.3
2915	0.6708	0.0009	19.3
2916	0.6708	-0.0043	19.3
2917	0.6708	-0.009	19.3
2918	0.6708	-0.0021	19.3
2919	0.6708	0.0003	19.3
2920	0.6708	-0.0051	19.3
2921	0.6708	-0.0043	19.3
2922	0.6708	-0.0059	19.3
2923	0.6708	-0.0006	19.3
2924	0.6708	-0.0026	19.3
2925	0.6708	-0.0006	19.3
2926	0.6708	-0.0007	19.3
2927	0.6707	-0.0051	19.3
2928	0.6707	-0.0035	19.3
2929	0.6708	-0.0033	19.3
2930	0.6709	-0.0032	19.3
2931	0.6708	-0.004	19.3
2932	0.6708	0.0004	19.3
2933	0.6708	-0.0041	19.3
2934	0.6708	-0.0036	19.3
2935	0.6708	0.0016	19.3
2936	0.6708	-0.0039	19.3
2937	0.6708	-0.0045	19.3
2938	0.6708	-0.0011	19.3
2939	0.6707	-0.0055	19.3
2940	0.6708	-0.0033	19.3
2941	0.6708	0.0001	19.3
2942	0.6708	-0.0046	19.3
2943	0.6708	-0.0043	19.3
2944	0.6708	-0.0026	19.3
2945	0.6708	-0.0027	19.3
2946	0.6707	-0.0028	19.3
2947	0.6708	-0.0024	19.3
2948	0.6708	-0.0024	19.3
2949	0.6708	-0.0047	19.3
2950	0.6708	-0.0033	19.3
2951	0.6708	-0.002	19.3
2952	0.6708	-0.0014	19.3
2953	0.6708	0.0005	19.3
2954	0.6708	-0.0046	19.3
2955	0.6707	-0.0037	19.3
2956	0.6708	-0.0047	19.3
2957	0.6708	0.0005	19.3
2958	0.6708	-0.0017	19.3
2959	0.6708	-0.0048	19.3
2960	0.6708	-0.0021	19.3
2961	0.6708	-0.0048	19.3
2962	0.6708	0.0025	19.3
2963	0.6708	-0.0007	19.3
2964	0.6707	-0.0052	19.3
2965	0.6708	-0.0013	19.3
2966	0.6707	-0.0044	19.3
2967	0.6707	-0.0039	19.3
2968	0.6708	-0.0017	19.3
2969	0.6708	-0.0036	19.3
2970	0.6708	-0.0039	19.3
2971	0.6708	-0.0019	19.3
2972	0.6707	-0.0052	19.3
2973	0.6707	-0.0065	19.3
2974	0.6707	-0.0039	19.3
2975	0.6708	-0.0049	19.3
2976	0.6708	-0.0005	19.3
2977	0.6708	-0.0062	19.3
2978	0.6708	-0.0011	19.3
2979	0.6707	-0.0064	19.3
2980	0.6708	-0.0023	19.3
2981	0.6707	-0.0064	19.3
2982	0.6707	-0.0052	19.3
2983	0.6708	-0.0016	19.3
2984	0.6707	-0.0018	19.3
2985	0.6707	-0.0051	19.3
2986	0.6707	-0.0019	19.3
2987	0.6708	-0.0043	19.3
2988	0.6707	-0.0032	19.3
2989	0.6708	-0.0004	19.3
2990	0.6707	-0.0053	19.3
2991	0.6708	-0.0015	19.3
2992	0.6708	-0.0067	19.3
2993	0.6708	-0.0032	19.3
2994	0.6708	-0.0032	19.3
2995	0.6708	-0.0024	19.3
2996	0.6707	-0.0068	19.3
2997	0.6707	-0.0006	19.3
2998	0.6707	-0.0029	19.3
2999	0.6707	-0.0041	19.3
3000	0.6708	-0.0008	19.3
3001	0.6708	-0.0045	19.3
3002	0.6707	-0.0025	19.3
3003	0.6707	-0.0051	19.3
3004	0.6707	-0.0075	19.3
3005	0.6708	-0.0003	19.3
3006	0.6707	-0.0033	19.3
3007	0.6708	-0.0035	19.3
3008	0.6708	-0.0017	19.3
3009	0.6707	-0.0065	19.3
3010	0.6708	-0.0042	19.3
3011	0.6708	-0.0035	19.3
3012	0.6708	-0.0049	19.3
3013	0.6708	-0.0019	19.3
3014	0.6708	-0.0056	19.3
3015	0.6707	-0.0058	19.3
3016	0.6708	-0.0005	19.3
3017	0.6707	-0.0031	19.3
3018	0.6708	-0.0014	19.3
3019	0.6707	-0.002	19.3
3020	0.6707	-0.0024	19.3
3021	0.6707	-0.0058	19.3
3022	0.6707	-0.0028	19.3
3023	0.6707	-0.0036	19.3
3024	0.6707	-0.0016	19.3
3025	0.6707	-0.0041	19.3
3026	0.6707	-0.0032	19.3
3027	0.6708	-0.0026	19.3
3028	0.6708	-0.0003	19.3
3029	0.6707	-0.0044	19.3
3030	0.6707	-0.0028	19.3
3031	0.6707	-0.0063	19.3
3032	0.6708	-0.0061	19.3
3033	0.6708	-0.0056	19.3
3034	0.6708	-0.0019	19.3
3035	0.6707	-0.0054	19.3
3036	0.6708	-0.0021	19.3
3037	0.6708	-0.0029	19.3
3038	0.6707	-0.0058	19.3
3039	0.6707	-0.004	19.3
3040	0.6708	-0.0029	19.3
3041	0.6708	-0.0043	19.3
3042	0.6708	-0.0032	19.3
3043	0.6708	-0.0028	19.3
3044	0.6707	-0.0004	19.3
3045	0.6707	-0.0046	19.3
3046	0.6707	-0.0055	19.3
3047	0.6708	-0.0033	19.3
3048	0.6708	-0.0045	19.3
3049	0.6708	-0.0036	19.3
3050	0.6707	-0.0017	19.3
3051	0.6708	-0.0046	19.3
3052	0.6708	-0.0025	19.3
3053	0.6708	-0.0009	19.3
3054	0.6707	-0.0029	19.3
3055	0.6708	0.0003	19.3
3056	0.6707	-0.0007	19.3
3057	0.6707	-0.0032	19.3
3058	0.6708	-0.002	19.3
3059	0.6707	-0.0017	19.3
3060	0.6707	-0.0045	19.3
3061	0.6708	-0.0009	19.3
3062	0.6707	-0.0064	19.3
3063	0.6707	-0.0045	19.3
3064	0.6707	-0.0041	19.3
3065	0.6707	-0.0016	19.3
3066	0.6707	-0.003	19.3
3067	0.6707	-0.0018	19.3
3068	0.6707	-0.0083	19.3
3069	0.6708	-0.0008	19.3
3070	0.6707	-0.0067	19.3
3071	0.6707	-0.001	19.3
3072	0.6707	-0.0041	19.3
3073	0.6708	-0.0053	19.3
3074	0.6707	-0.0048	19.3
3075	0.6707	-0.0031	19.3
3076	0.6708	0.0001	19.3
3077	0.6708	-0.0047	19.3
3078	0.6707	-0.0038	19.3
3079	0.6707	-0.0037	19.3
3080	0.6707	-0.0035	19.3
3081	0.6707	-0.0001	19.3
3082	0.6707	-0.0017	19.3
3083	0.6708	-0.0004	19.3
3084	0.6708	-0.0028	19.3
3085	0.6707	-0.007	19.3
3086	0.6707	-0.0058	19.3
3087	0.6707	-0.0021	19.3
3088	0.6707	-0.0045	19.3
3089	0.6707	-0.0038	19.3
3090	0.6708	-0.0032	19.3
3091	0.6707	-0.0048	19.3
3092	0.6707	-0.006	19.3
3093	0.6708	0	19.3
3094	0.6707	-0.0021	19.3
3095	0.6707	-0.0055	19.3
3096	0.6707	-0.0041	19.3
3097	0.6707	-0.0051	19.3
3098	0.6707	-0.0028	19.3
3099	0.6708	-0.0027	19.3
3100	0.6707	-0.0023	19.3
3101	0.6707	-0.0043	19.3
3102	0.6708	-0.0028	19.3
3103	0.6707	-0.0028	19.3
3104	0.6708	-0.0015	19.3
3105	0.6707	-0.0047	19.3
3106	0.6707	-0.0054	19.3
3107	0.6707	-0.0021	19.3
3108	0.6707	-0.0012	19.3
3109	0.6707	-0.0052	19.3
3110	0.6707	-0.0032	19.3
3111	0.6708	-0.0045	19.3
3112	0.6707	-0.0041	19.3
3113	0.6708	-0.0026	19.3
3114	0.6708	-0.0018	19.3
3115	0.6708	-0.0017	19.3
3116	0.6708	-0.0042	19.3
3117	0.6708	-0.0034	19.3
3118	0.6707	-0.0014	19.3
3119	0.6707	-0.0056	19.3
3120	0.6707	-0.004	19.3
3121	0.6708	0.0011	19.3
3122	0.6707	-0.0048	19.3
3123	0.6708	-0.0004	19.3
3124	0.6707	-0.0044	19.3
3125	0.6707	-0.0063	19.3
3126	0.6707	-0.0015	19.3
3127	0.6707	-0.003	19.3
3128	0.6707	-0.0036	19.3
3129	0.6707	-0.0002	19.3
3130	0.6707	-0.0038	19.3
3131	0.6707	-0.0048	19.3
3132	0.6707	-0.0017	19.3
3133	0.6707	-0.0037	19.3
3134	0.6707	-0.0043	19.3
3135	0.6707	-0.0023	19.3
3136	0.6707	-0.0048	19.3
3137	0.6707	-0.0021	19.3
3138	0.6707	-0.0059	19.3
3139	0.6707	-0.0019	19.3
3140	0.6707	-0.0059	19.3
3141	0.6707	-0.0017	19.3
3142	0.6707	-0.002	19.3
3143	0.6706	-0.0048	19.3
3144	0.6707	-0.0029	19.3
3145	0.6708	-0.0092	19.3
3146	0.6707	-0.0038	19.3
3147	0.6707	-0.004	19.3
3148	0.6707	-0.004	19.3
3149	0.6708	-0.0008	19.3
3150	0.6707	-0.0047	19.3
3151	0.6707	-0.0035	19.3
3152	0.6708	-0.0012	19.3
3153	0.6708	-0.0022	19.3
3154	0.6707	-0.0021	19.3
3155	0.6708	-0.0053	19.3
3156	0.6708	-0.0041	19.3
3157	0.6707	-0.0008	19.3
3158	0.6708	-0.0013	19.3
3159	0.6708	-0.002	19.3
3160	0.6708	-0.0018	19.3
3161	0.6707	-0.0046	19.3
3162	0.6707	-0.0055	19.3
3163	0.6708	-0.0001	19.3
3164	0.6707	-0.0075	19.3
3165	0.6707	-0.0028	19.3
3166	0.6708	-0.0042	19.3
3167	0.6708	-0.0042	19.3
3168	0.6708	-0.0016	19.3
3169	0.6707	-0.0045	19.3
3170	0.6707	-0.0055	19.3
3171	0.6708	-0.0017	19.3
3172	0.6708	-0.0001	19.3
3173	0.6707	-0.0045	19.3
3174	0.6707	-0.0042	19.3
3175	0.6707	-0.0044	19.3
3176	0.6708	0.0001	19.3
3177	0.6708	-0.0053	19.3
3178	0.6707	-0.0048	19.3
3179	0.6708	-0.001	19.3
3180	0.6707	-0.0031	19.3
3181	0.6708	-0.0034	19.3
3182	0.6708	-0.001	19.3
3183	0.6708	-0.0036	19.3
3184	0.6707	-0.004	19.3
3185	0.6708	0.0004	19.3
3186	0.6708	-0.0036	19.3
3187	0.6708	-0.0042	19.3
3188	0.6708	0.0017	19.3
3189	0.6708	-0.0042	19.3
3190	0.6708	-0.0025	19.3
3191	0.6708	-0.0003	19.3
3192	0.6708	-0.0012	19.3
3193	0.6707	-0.0041	19.3
3194	0.6707	-0.0002	19.3
3195	0.6707	-0.0064	19.3
3196	0.6708	-0.0006	19.3
3197	0.6708	-0.0012	19.3
3198	0.6707	-0.0021	19.3
3199	0.6708	-0.0019	19.3
3200	0.6708	-0.0036	19.3
3201	0.6708	-0.001	19.3
3202	0.6708	-0.0024	19.3
3203	0.6707	-0.0053	19.3
3204	0.6707	-0.0048	19.3
3205	0.6707	-0.0018	19.3
3206	0.6707	-0.0054	19.3
3207	0.6707	-0.0049	19.3
3208	0.6707	0.0005	19.3
3209	0.6708	-0.0006	19.3
3210	0.6707	-0.0032	19.3
3211	0.6707	-0.0023	19.3
3212	0.6708	0.0019	19.3
3213	0.6708	-0.0046	19.3
3214	0.6707	-0.0026	19.3
3215	0.6708	-0.0028	19.3
3216	0.6708	-0.0033	19.3
3217	0.6707	-0.0023	19.3
3218	0.6708	0.0006	19.3
3219	0.6708	0.0013	19.3
3220	0.6708	-0.0037	19.3
3221	0.6708	-0.0024	19.3
3222	0.6708	-0.0043	19.3
3223	0.6708	-0.0021	19.3
3224	0.6708	-0.0043	19.3
3225	0.6708	-0.0012	19.3
3226	0.6707	-0.0062	19.3
3227	0.6708	0.0002	19.3
3228	0.6707	-0.0021	19.3
3229	0.6708	-0.0061	19.3
3230	0.6708	-0.0062	19.3
3231	0.6708	-0.0012	19.3
3232	0.6708	-0.0012	19.3
3233	0.6707	-0.0039	19.3
3234	0.6707	-0.0041	19.3
3235	0.6707	-0.0041	19.3
3236	0.6708	-0.0066	19.3
3237	0.6707	-0.002	19.3
3238	0.6707	-0.0038	19.3
3239	0.6707	-0.0033	19.3
3240	0.6708	-0.0039	19.3
3241	0.6708	0.0006	19.3
3242	0.6707	-0.0039	19.3
3243	0.6707	-0.0001	19.3
3244	0.6708	-0.0032	19.3
3245	0.6708	-0.0019	19.3
3246	0.6708	-0.0022	19.3
3247	0.6708	-0.0014	19.3
3248	0.6708	-0.0041	19.3
3249	0.6708	0.0006	19.3
3250	0.6707	-0.005	19.3
3251	0.6707	-0.0051	19.3
3252	0.6708	-0.0026	19.3
3253	0.6707	-0.006	19.3
3254	0.6708	-0.0038	19.3
3255	0.6707	-0.0045	19.3
3256	0.6707	-0.0037	19.3
3257	0.6707	-0.0005	19.3
3258	0.6707	-0.0087	19.3
3259	0.6708	-0.0017	19.3
3260	0.6707	-0.0038	19.3
3261	0.6707	-0.0026	19.3
3262	0.6707	-0.0008	19.3
3263	0.6708	-0.0009	19.3
3264	0.6707	-0.0034	19.3
3265	0.6708	-0.0037	19.3
3266	0.6708	-0.0046	19.3
3267	0.6708	-0.0014	19.3
3268	0.6707	-0.0068	19.3
3269	0.6708	-0.0024	19.3
3270	0.6708	-0.0019	19.3
3271	0.6707	-0.004	19.3
3272	0.6708	-0.0033	19.3
3273	0.6708	0.0011	19.3
3274	0.6707	-0.0054	19.3
3275	0.6708	0.0021	19.3
3276	0.6707	-0.0038	19.3
3277	0.6708	-0.0044	19.3
3278	0.6708	0.0001	19.3
3279	0.6708	-0.0036	19.3
3280	0.6707	-0.0069	19.3
3281	0.6708	-0.0027	19.3
3282	0.6707	-0.0038	19.3
3283	0.6708	-0.0038	19.3
3284	0.6708	-0.0022	19.3
3285	0.6708	0	19.3
3286	0.6708	-0.0004	19.3
3287	0.6708	-0.0019	19.3
3288	0.6708	-0.0034	19.3
3289	0.6708	-0.0036	19.3
3290	0.6707	-0.0057	19.3
3291	0.6707	-0.0051	19.3
3292	0.6708	-0.003	19.3
3293	0.6707	-0.0049	19.3
3294	0.6707	-0.0038	19.3
3295	0.6707	-0.0058	19.3
3296	0.6707	-0.004	19.3
3297	0.6708	-0.0039	19.3
3298	0.6708	-0.0026	19.3
3299	0.6707	-0.0043	19.3
3300	0.6707	-0.001	19.3
3301	0.6707	-0.0026	19.3
3302	0.6707	-0.0031	19.3
3303	0.6708	-0.0032	19.3
3304	0.6707	-0.0059	19.3
3305	0.6707	-0.0026	19.3
3306	0.6708	-0.0037	19.3
3307	0.6708	-0.0066	19.3
3308	0.6707	0.0007	19.3
3309	0.6707	-0.0044	19.3
3310	0.6708	-0.0015	19.3
3311	0.6708	-0.0008	19.3
3312	0.6707	-0.0006	19.3
3313	0.6707	-0.0035	19.3
3314	0.6707	-0.0057	19.3
3315	0.6707	-0.0049	19.3
3316	0.6707	-0.0019	19.3
3317	0.6707	-0.0052	19.3
3318	0.6708	-0.0013	19.3
3319	0.6708	-0.0029	19.3
3320	0.6708	0.0004	19.3
3321	0.6708	-0.0021	19.3
3322	0.6707	-0.0046	19.3
3323	0.6708	-0.0021	19.3
3324	0.6708	-0.0005	19.3
3325	0.6708	-0.0024	19.3
3326	0.6708	-0.0039	19.3
3327	0.6708	-0.0015	19.3
3328	0.6708	-0.0044	19.3
3329	0.6708	-0.003	19.3
3330	0.6708	-0.0058	19.3
3331	0.6707	-0.0032	19.3
3332	0.6707	-0.0059	19.3
3333	0.6708	-0.0046	19.3
3334	0.6707	-0.0044	19.3
3335	0.6708	-0.0021	19.3
3336	0.6708	-0.0068	19.3
3337	0.6707	-0.0034	19.3
3338	0.6707	-0.0026	19.3
3339	0.6708	-0.0036	19.3
3340	0.6708	-0.0009	19.3
3341	0.6707	-0.0003	19.3
3342	0.6707	-0.0056	19.3
3343	0.6707	-0.0031	19.3
3344	0.6708	-0.0026	19.3
3345	0.6708	-0.0058	19.3
3346	0.6708	-0.0015	19.3
3347	0.6707	-0.0042	19.3
3348	0.6708	-0.0031	19.3
3349	0.6708	-0.0051	19.3
3350	0.6708	-0.006	19.3
3351	0.6707	-0.0032	19.3
3352	0.6707	-0.0043	19.3
3353	0.6707	-0.0036	19.3
3354	0.6708	-0.0025	19.3
3355	0.6707	-0.0052	19.3
3356	0.6707	-0.0023	19.3
3357	0.6707	-0.0039	19.3
3358	0.6708	-0.0042	19.3
3359	0.6708	-0.0028	19.3
3360	0.6707	-0.0052	19.3
3361	0.6708	-0.002	19.3
3362	0.6707	-0.0025	19.3
3363	0.6707	-0.005	19.3
3364	0.6707	-0.0034	19.3
3365	0.6707	-0.0057	19.3
3366	0.6707	-0.0029	19.3
3367	0.6707	-0.0022	19.3
3368	0.6707	-0.004	19.3
3369	0.6707	-0.0022	19.3
3370	0.6707	-0.0066	19.3
3371	0.6708	-0.0023	19.3
3372	0.6707	-0.0023	19.3
3373	0.6707	-0.0042	19.3
3374	0.6707	-0.0025	19.3
3375	0.6707	-0.0024	19.3
3376	0.6707	-0.0061	19.3
3377	0.6708	-0.0014	19.3
3378	0.6708	-0.0046	19.3
3379	0.6708	-0.0037	19.3
3380	0.6708	-0.0044	19.3
3381	0.6707	-0.0048	19.3
3382	0.6707	-0.0016	19.3
3383	0.6708	-0.0025	19.3
3384	0.6708	-0.0036	19.3
3385	0.6707	-0.0058	19.3
3386	0.6707	-0.0044	19.3
3387	0.6708	-0.0011	19.3
3388	0.6707	-0.0037	19.3
3389	0.6707	-0.0024	19.3
3390	0.6707	-0.0061	19.3
3391	0.6707	-0.0007	19.3
3392	0.6707	-0.0011	19.3
3393	0.6708	-0.0048	19.3
3394	0.6707	-0.0024	19.3
3395	0.6707	-0.0066	19.3
3396	0.6707	-0.0002	19.3
3397	0.6707	-0.0017	19.3
3398	0.6707	-0.0061	19.3
3399	0.6707	-0.0011	19.3
3400	0.6708	-0.0033	19.3
3401	0.6708	-0.0046	19.3
3402	0.6707	-0.0052	19.3
3403	0.6707	-0.005	19.3
3404	0.6708	-0.0031	19.3
3405	0.6708	-0.0015	19.3
3406	0.6708	-0.0029	19.3
3407	0.6707	-0.0042	19.3
3408	0.6708	-0.0031	19.3
3409	0.6707	-0.0038	19.3
3410	0.6708	-0.0029	19.3
3411	0.6708	-0.002	19.3
3412	0.6707	-0.006	19.3
3413	0.6708	-0.0032	19.3
3414	0.6707	-0.0059	19.3
3415	0.6708	-0.0017	19.3
3416	0.6708	-0.0019	19.3
3417	0.6707	-0.0086	19.3
3418	0.6708	-0.0029	19.3
3419	0.6707	-0.0031	19.3
3420	0.6707	-0.0032	19.3
3421	0.6708	-0.0027	19.3
3422	0.6707	-0.0021	19.3
3423	0.6707	-0.0021	19.3
3424	0.6707	-0.0036	19.3
3425	0.6707	-0.0035	19.3
3426	0.6707	-0.0051	19.3
3427	0.6707	-0.0051	19.3
3428	0.6707	-0.0022	19.3
3429	0.6707	-0.0038	19.3
3430	0.6708	-0.0039	19.3
3431	0.6708	-0.0028	19.3
3432	0.6707	0.0001	19.3
3433	0.6708	-0.0024	19.3
3434	0.6707	-0.0043	19.3
3435	0.6708	-0.0041	19.3
3436	0.6708	-0.0035	19.3
3437	0.6708	-0.0005	19.3
3438	0.6708	-0.0043	19.3
3439	0.6708	0.0009	19.3
3440	0.6707	-0.0045	19.3
3441	0.6708	-0.0001	19.3
3442	0.6708	-0.0014	19.3
3443	0.6707	-0.0035	19.3
3444	0.6708	0.0011	19.3
3445	0.6708	-0.0039	19.3
3446	0.6708	-0.0016	19.3
3447	0.6708	-0.004	19.3
3448	0.6707	-0.0037	19.3
3449	0.6707	-0.0034	19.3
3450	0.6708	-0.0012	19.3
3451	0.6708	-0.0027	19.3
3452	0.6708	-0.0024	19.3
3453	0.6708	-0.0026	19.3
3454	0.6708	-0.0028	19.3
3455	0.6708	-0.0018	19.3
3456	0.6708	-0.0016	19.3
3457	0.6708	-0.0056	19.3
3458	0.6707	-0.0033	19.3
3459	0.6707	-0.005	19.3
3460	0.6707	-0.0065	19.3
3461	0.6707	-0.0053	19.3
3462	0.6707	-0.0029	19.3
3463	0.6707	-0.0056	19.3
3464	0.6708	0.0002	19.3
3465	0.6707	-0.0054	19.4
3466	0.6707	-0.0011	19.4
3467	0.6708	-0.0019	19.3
3468	0.6708	-0.0039	19.3
3469	0.6708	-0.002	19.3
3470	0.6707	-0.0026	19.4
3471	0.6708	-0.001	19.4
3472	0.6708	-0.0008	19.4
3473	0.6707	-0.004	19.4
3474	0.6708	-0.0021	19.3
3475	0.6708	-0.0026	19.4
3476	0.6707	-0.0073	19.4
3477	0.6707	0.0003	19.4
3478	0.6707	-0.0005	19.4
3479	0.6707	-0.0015	19.4
3480	0.6707	-0.0051	19.4
3481	0.6707	-0.0038	19.4
3482	0.6707	-0.003	19.4
3483	0.6707	-0.0005	19.4
3484	0.6707	-0.0024	19.4
3485	0.6707	-0.0029	19.4
3486	0.6708	-0.0016	19.3
3487	0.6707	-0.0027	19.4
3488	0.6707	-0.0046	19.4
3489	0.6708	-0.0065	19.3
3490	0.6707	-0.0008	19.4
3491	0.6708	-0.0042	19.3
3492	0.6708	-0.0013	19.3
3493	0.6707	-0.0058	19.4
3494	0.6708	-0.0062	19.3
3495	0.6708	-0.0035	19.3
3496	0.6708	-0.0027	19.3
3497	0.6708	-0.0039	19.3
3498	0.6707	-0.0014	19.4
3499	0.6708	-0.0029	19.3
3500	0.6708	-0.0021	19.3
3501	0.6707	-0.0082	19.3
3502	0.6707	-0.0048	19.4
3503	0.6708	-0.0025	19.3
3504	0.6708	-0.0028	19.3
3505	0.6707	-0.003	19.4
3506	0.6708	-0.0051	19.3
3507	0.6708	-0.0014	19.3
3508	0.6707	-0.0055	19.3
3509	0.6708	-0.0023	19.3
3510	0.6707	-0.0063	19.4
3511	0.6708	-0.0005	19.3
3512	0.6707	-0.0034	19.3
3513	0.6708	-0.0016	19.3
3514	0.6708	-0.0017	19.3
3515	0.6707	-0.005	19.3
3516	0.6708	-0.0058	19.3
3517	0.6708	-0.0002	19.3
3518	0.6707	-0.0054	19.3
3519	0.6708	-0.0008	19.3
3520	0.6707	-0.0031	19.3
3521	0.6708	-0.0026	19.3
3522	0.6708	-0.0028	19.3
3523	0.6708	-0.0036	19.3
3524	0.6708	-0.0047	19.3
3525	0.6708	0.0003	19.3
3526	0.6708	-0.0036	19.3
3527	0.6708	-0.0075	19.3
3528	0.6707	-0.0047	19.3
3529	0.6708	-0.0021	19.3
3530	0.6708	-0.0026	19.3
3531	0.6708	-0.002	19.3
3532	0.6708	-0.0025	19.3
3533	0.6708	-0.0038	19.3
3534	0.6708	-0.0026	19.3
3535	0.6708	-0.0022	19.3
3536	0.6708	-0.0027	19.3
3537	0.6707	-0.0031	19.3
3538	0.6708	-0.0014	19.3
3539	0.6707	-0.003	19.3
3540	0.6708	-0.0049	19.3
3541	0.6707	-0.0022	19.3
3542	0.6707	-0.0049	19.3
3543	0.6708	-0.0039	19.3
3544	0.6708	-0.0036	19.3
3545	0.6708	-0.0048	19.3
3546	0.6708	-0.0057	19.3
3547	0.6708	-0.0046	19.3
3548	0.6708	-0.0026	19.3
3549	0.6708	-0.0064	19.3
3550	0.6707	-0.005	19.3
3551	0.6708	-0.0035	19.3
3552	0.6708	-0.0026	19.3
3553	0.6708	-0.0044	19.3
3554	0.6708	-0.0006	19.3
3555	0.6707	-0.0031	19.3
3556	0.6707	-0.007	19.3
3557	0.6707	-0.0008	19.3
3558	0.6708	-0.0036	19.3
3559	0.6708	-0.0067	19.3
3560	0.6708	-0.0027	19.3
3561	0.6708	-0.0056	19.3
3562	0.6708	-0.0017	19.3
3563	0.6707	-0.0031	19.3
3564	0.6707	-0.0016	19.3
3565	0.6708	-0.0023	19.3
3566	0.6708	-0.0017	19.3
3567	0.6707	-0.004	19.3
3568	0.6708	-0.0022	19.3
3569	0.6708	-0.0035	19.3
3570	0.6708	-0.0033	19.3
3571	0.6708	-0.0055	19.3
3572	0.6707	-0.002	19.3
3573	0.6707	-0.0004	19.3
3574	0.6707	-0.004	19.3
3575	0.6708	-0.0067	19.3
3576	0.6708	-0.0029	19.3
3577	0.6708	-0.0072	19.3
3578	0.6708	-0.0021	19.3
3579	0.6708	-0.0042	19.3
3580	0.6707	-0.005	19.3
3581	0.6707	-0.0029	19.3
3582	0.6707	-0.0076	19.3
3583	0.6707	-0.0012	19.3
3584	0.6708	-0.0042	19.3
3585	0.6708	-0.0043	19.3
3586	0.6708	-0.0044	19.3
3587	0.6707	-0.0021	19.3
3588	0.6708	-0.0013	19.3
3589	0.6708	-0.0029	19.3
3590	0.6708	-0.0028	19.3
3591	0.6708	-0.0029	19.3
3592	0.6708	-0.0055	19.3
3593	0.6707	-0.0032	19.3
3594	0.6707	-0.0022	19.3
3595	0.6708	-0.0013	19.3
3596	0.6708	0.0002	19.3
3597	0.6707	0.0004	19.3
3598	0.6708	-0.0036	19.3
3599	0.6708	-0.0055	19.3
3600	0.6707	-0.0069	19.3
3601	0.6707	-0.0046	19.3
3602	0.6707	-0.0036	19.3
3603	0.6708	-0.0056	19.3
3604	0.6708	-0.0048	19.3
3605	0.6708	-0.0019	19.3
3606	0.6707	-0.0016	19.3
3607	0.6708	-0.0033	19.3
3608	0.6708	-0.0028	19.3
3609	0.6707	-0.0059	19.3
3610	0.6708	0.0001	19.3
3611	0.6707	-0.0032	19.3
3612	0.6707	-0.0012	19.3
3613	0.6708	-0.0007	19.3
3614	0.6707	-0.0022	19.3
3615	0.6708	-0.0033	19.3
3616	0.6708	-0.0036	19.3
3617	0.6707	-0.0051	19.3
3618	0.6708	-0.0023	19.3
3619	0.6708	-0.0038	19.3
3620	0.6708	-0.0036	19.3
3621	0.6708	-0.0022	19.3
3622	0.6708	-0.0022	19.3
3623	0.6707	-0.0048	19.3
3624	0.6708	-0.0018	19.3
3625	0.6708	-0.0027	19.3
3626	0.6708	-0.0027	19.3
3627	0.6707	-0.0054	19.3
3628	0.6708	-0.0023	19.3
3629	0.6707	-0.0032	19.3
3630	0.6708	-0.0026	19.3
3631	0.6707	-0.0046	19.3
3632	0.6708	-0.002	19.3
3633	0.6708	-0.0019	19.3
3634	0.6708	-0.0027	19.3
3635	0.6708	-0.0024	19.3
3636	0.6708	-0.0017	19.3
3637	0.6709	-0.0001	19.3
3638	0.671	0.0023	19.3
3639	0.6709	-0.0029	19.4
3640	0.671	0.0034	19.3
3641	0.6711	-0.0029	19.3
3642	0.671	-0.0049	19.3
3643	0.671	-0.0023	19.3
3644	0.671	-0.0053	19.3
3645	0.671	-0.0054	19.3
3646	0.671	-0.006	19.3
3647	0.6709	-0.0123	19.3
3648	0.6708	-0.0078	19.4
3649	0.6708	-0.0074	19.3
3650	0.6706	-0.0079	19.4
3651	0.6705	-0.013	19.3
3652	0.6704	-0.0114	19.3
3653	0.6702	-0.0115	19.3
3654	0.67	-0.0151	19.3
3655	0.6699	-0.0145	19.3
3656	0.6697	-0.0133	19.3
3657	0.6694	-0.0175	19.3
3658	0.6692	-0.0179	19.3
3659	0.6689	-0.0174	19.3
3660	0.6687	-0.0243	19.3
3661	0.6684	-0.0186	19.3
3662	0.668	-0.0193	19.3
3663	0.6677	-0.0232	19.3
3664	0.6674	-0.0258	19.3
3665	0.667	-0.0245	19.3
3666	0.6667	-0.027	19.3
3667	0.6663	-0.0237	19.3
3668	0.6659	-0.0283	19.3
3669	0.6656	-0.0274	19.3
3670	0.6652	-0.0259	19.3
3671	0.6648	-0.0251	19.3
3672	0.6644	-0.0287	19.3
3673	0.664	-0.0267	19.3
3674	0.6636	-0.0273	19.3
3675	0.6632	-0.0285	19.3
3676	0.6628	-0.0277	19.3
3677	0.6625	-0.0279	19.3
3678	0.6621	-0.0276	19.3
3679	0.6617	-0.0253	19.3
3680	0.6614	-0.0219	19.3
3681	0.661	-0.0278	19.3
3682	0.6606	-0.0256	19.3
3683	0.6603	-0.026	19.3
3684	0.6599	-0.0273	19.3
3685	0.6595	-0.0272	19.3
3686	0.6592	-0.0247	19.3
3687	0.6588	-0.0237	19.3
3688	0.6586	-0.0223	19.3
3689	0.6582	-0.026	19.3
3690	0.6579	-0.0173	19.3
3691	0.6576	-0.023	19.3
3692	0.6573	-0.0225	19.3
3693	0.6569	-0.0239	19.3
3694	0.6566	-0.0241	19.3
3695	0.6564	-0.0186	19.3
3696	0.6561	-0.0198	19.3
3697	0.6558	-0.018	19.3
3698	0.6556	-0.0196	19.3
3699	0.6553	-0.0198	19.3
3700	0.6551	-0.0171	19.3
3701	0.6549	-0.0126	19.3
3702	0.6547	-0.0162	19.3
3703	0.6545	-0.0156	19.3
3704	0.6543	-0.0141	19.3
3705	0.6541	-0.0149	19.3
3706	0.6539	-0.0189	19.3
3707	0.6537	-0.0107	19.3
3708	0.6535	-0.0164	19.3
3709	0.6534	-0.0112	19.4
3710	0.6532	-0.0162	19.4
3711	0.6531	-0.0104	19.4
3712	0.653	-0.0098	19.4
3713	0.6529	-0.0086	19.3
3714	0.6528	-0.0085	19.4
3715	0.6526	-0.01	19.4
3716	0.6526	-0.0092	19.3
3717	0.6525	-0.0099	19.4
3718	0.6524	-0.0064	19.4
3719	0.6522	-0.0092	19.4
3720	0.6522	-0.0065	19.4
3721	0.6521	-0.0042	19.4
3722	0.652	-0.0093	19.4
3723	0.652	-0.007	19.4
3724	0.6519	-0.0114	19.4
3725	0.6519	-0.01	19.3
3726	0.6518	-0.0061	19.4
3727	0.6517	0.0003	19.4
3728	0.6517	-0.0078	19.3
3729	0.6517	-0.0096	19.3
3730	0.6516	-0.0025	19.4
3731	0.6516	-0.0051	19.3
3732	0.6515	-0.0057	19.4
3733	0.6515	-0.0053	19.4
3734	0.6514	-0.0058	19.4
3735	0.6514	-0.0029	19.4
3736	0.6514	-0.0059	19.4
3737	0.6513	-0.0052	19.4
3738	0.6513	-0.002	19.4
3739	0.6513	-0.0079	19.4
3740	0.6513	-0.0034	19.4
3741	0.6513	-0.0038	19.3
3742	0.6513	-0.0024	19.4
3743	0.6513	-0.0037	19.4
3744	0.6513	-0.0011	19.4
3745	0.6513	-0.0001	19.4
3746	0.6512	-0.0087	19.4
3747	0.6513	-0.005	19.4
3748	0.6513	-0.0021	19.4
3749	0.6513	-0.0039	19.3
3750	0.6512	-0.0055	19.4
3751	0.6513	0.0008	19.3
3752	0.6513	-0.0058	19.3
3753	0.6513	-0.0052	19.3
3754	0.6513	-0.0037	19.3
3755	0.6513	-0.001	19.3
3756	0.6513	-0.0042	19.3
3757	0.6513	-0.0072	19.3
3758	0.6513	-0.0041	19.3
3759	0.6513	-0.0008	19.3
3760	0.6514	0.0012	19.3
3761	0.6514	-0.0001	19.3
3762	0.6514	-0.0065	19.3
3763	0.6514	-0.0027	19.3
3764	0.6514	-0.0019	19.3
3765	0.6514	0.002	19.3
3766	0.6514	-0.0021	19.3
3767	0.6515	-0.0038	19.3
3768	0.6515	-0.0008	19.3
3769	0.6515	-0.0039	19.3
3770	0.6515	-0.0044	19.3
3771	0.6515	-0.0006	19.3
3772	0.6516	0.0005	19.3
3773	0.6516	-0.0017	19.3
3774	0.6517	-0.0009	19.3
3775	0.6517	-0.0006	19.3
3776	0.6517	-0.0034	19.3
3777	0.6517	0.0009	19.3
3778	0.6517	-0.0015	19.3
3779	0.6518	-0.0007	19.3
3780	0.6518	-0.0043	19.3
3781	0.6519	0.0005	19.3
3782	0.6519	-0.0027	19.3
3783	0.6519	0.0025	19.3
3784	0.652	-0.0003	19.3
3785	0.652	-0.0017	19.3
3786	0.652	-0.0038	19.3
3787	0.652	-0.0036	19.3
3788	0.6521	0.0024	19.3
3789	0.6521	-0.0033	19.3
3790	0.6521	-0.0028	19.3
3791	0.6521	0.0008	19.3
3792	0.6522	0.0013	19.3
3793	0.6522	-0.0014	19.3
3794	0.6522	-0.0012	19.3
3795	0.6523	0.0022	19.3
3796	0.6523	-0.0021	19.3
3797	0.6523	-0.0046	19.3
3798	0.6524	-0.0032	19.3
3799	0.6524	0.0005	19.3
3800	0.6525	0.0005	19.3
3801	0.6526	-0.0013	19.3
3802	0.6526	-0.0015	19.3
3803	0.6526	-0.0009	19.3
3804	0.6526	-0.0048	19.3
3805	0.6526	-0.0058	19.3
3806	0.6526	-0.0034	19.3
3807	0.6526	-0.0048	19.3
3808	0.6527	0.0011	19.3
3809	0.6528	0.0009	19.3
3810	0.6528	-0.0004	19.3
3811	0.6529	-0.001	19.3
3812	0.6529	-0.0045	19.3
3813	0.6529	-0.0037	19.3
3814	0.6529	-0.0036	19.3
3815	0.653	0.0016	19.3
3816	0.653	0.0022	19.3
3817	0.6532	0.004	19.3
3818	0.6531	-0.0039	19.3
3819	0.6532	0.0003	19.3
3820	0.6532	-0.005	19.3
3821	0.6533	0.0044	19.3
3822	0.6533	-0.0022	19.3
3823	0.6533	0.0007	19.3
3824	0.6533	-0.0018	19.3
3825	0.6534	0.0014	19.3
3826	0.6534	0	19.3
3827	0.6535	0.0009	19.3
3828	0.6536	0.0032	19.3
3829	0.6536	-0.0004	19.3
3830	0.6537	0.0028	19.3
3831	0.6537	-0.0032	19.3
3832	0.6537	-0.0037	19.3
3833	0.6538	0.001	19.3
3834	0.6537	-0.0036	19.3
3835	0.6538	0.001	19.3
3836	0.6539	0.0014	19.3
3837	0.6539	0.0013	19.3
3838	0.654	0.0018	19.3
3839	0.654	-0.0017	19.3
3840	0.6541	0.0001	19.3
3841	0.6541	-0.0019	19.3
3842	0.6541	-0.0025	19.3
3843	0.6542	0.0062	19.3
3844	0.6542	-0.0003	19.3
3845	0.6543	-0.0012	19.3
3846	0.6543	-0.0019	19.3
3847	0.6543	-0.0016	19.3
3848	0.6544	-0.0011	19.3
3849	0.6544	0.0016	19.3
3850	0.6544	-0.0013	19.3
3851	0.6545	0.0009	19.3
3852	0.6545	-0.0006	19.3
3853	0.6546	-0.0014	19.3
3854	0.6546	-0.0014	19.3
3855	0.6546	-0.003	19.3
3856	0.6547	0.0035	19.3
3857	0.6547	-0.0047	19.3
3858	0.6548	0	19.3
3859	0.6548	0.0007	19.3
3860	0.6548	-0.0004	19.3
3861	0.6548	-0.005	19.3
3862	0.6549	-0.0003	19.3
3863	0.6549	-0.002	19.3
3864	0.655	-0.0025	19.3
3865	0.655	-0.0042	19.3
3866	0.655	-0.0029	19.3
3867	0.6551	0.0016	19.3
3868	0.6551	-0.0012	19.3
3869	0.6552	-0.0014	19.3
3870	0.6553	0.0003	19.3
3871	0.6553	-0.0018	19.3
3872	0.6553	-0.0007	19.3
3873	0.6553	-0.0044	19.3
3874	0.6554	0.0001	19.3
3875	0.6554	0.0023	19.3
3876	0.6554	-0.004	19.3
3877	0.6555	0.0019	19.3
3878	0.6555	0.0043	19.3
3879	0.6555	-0.0014	19.3
3880	0.6557	0.0006	19.3
3881	0.6557	-0.0049	19.3
3882	0.6557	-0.0049	19.3
3883	0.6557	-0.0027	19.3
3884	0.6558	-0.0018	19.3
3885	0.6558	-0.001	19.3
3886	0.6559	-0.0004	19.3
3887	0.6559	-0.0026	19.3
3888	0.656	-0.0021	19.3
3889	0.656	-0.0025	19.3
3890	0.6561	0.002	19.3
3891	0.6561	-0.0041	19.3
3892	0.6561	-0.0006	19.3
3893	0.6562	0.0007	19.3
3894	0.6562	-0.0023	19.3
3895	0.6563	-0.0002	19.3
3896	0.6563	-0.0001	19.3
3897	0.6564	-0.0004	19.3
3898	0.6564	0.0023	19.3
3899	0.6564	-0.0038	19.3
3900	0.6565	-0.0036	19.3
3901	0.6565	0.003	19.3
3902	0.6566	0.002	19.3
3903	0.6566	-0.0008	19.3
3904	0.6567	-0.0021	19.3
3905	0.6567	0.0008	19.3
3906	0.6567	0.0015	19.3
3907	0.6569	-0.0015	19.3
3908	0.6568	-0.0037	19.3
3909	0.6569	0.0026	19.3
3910	0.6569	-0.0042	19.3
3911	0.657	0.0023	19.3
3912	0.657	-0.0032	19.3
3913	0.657	-0.003	19.3
3914	0.6571	0.0012	19.3
3915	0.6571	-0.0001	19.3
3916	0.6572	0.0018	19.3
3917	0.6573	0.0011	19.3
3918	0.6573	-0.0045	19.3
3919	0.6573	-0.0035	19.3
3920	0.6574	-0.0003	19.3
3921	0.6573	-0.0042	19.3
3922	0.6574	-0.0011	19.3
3923	0.6575	0	19.3
3924	0.6576	0.0002	19.3
3925	0.6576	-0.0012	19.3
3926	0.6576	-0.0007	19.3
3927	0.6577	-0.0029	19.3
3928	0.6577	0.0046	19.3
3929	0.6578	-0.0015	19.3
3930	0.6578	-0.0033	19.3
3931	0.6578	-0.0012	19.3
3932	0.6578	-0.0052	19.3
3933	0.6579	-0.0014	19.3
3934	0.6581	-0.0001	19.3
3935	0.6581	0.0014	19.3
3936	0.658	-0.0041	19.3
3937	0.6581	0.0046	19.3
3938	0.6582	0.0005	19.3
3939	0.6582	-0.0004	19.3
3940	0.6582	-0.0023	19.3
3941	0.6583	-0.0003	19.3
3942	0.6583	0.001	19.3
3943	0.6584	-0.0025	19.3
3944	0.6584	-0.0041	19.3
3945	0.6585	-0.0026	19.3
3946	0.6586	-0.0003	19.3
3947	0.6585	-0.0041	19.3
3948	0.6586	0.0013	19.3
3949	0.6586	-0.0044	19.3
3950	0.6587	0.0029	19.3
3951	0.6588	-0.0006	19.3
3952	0.6587	-0.0035	19.3
3953	0.6589	0.001	19.3
3954	0.6589	-0.0008	19.3
3955	0.6589	-0.0031	19.3
3956	0.659	-0.0004	19.3
3957	0.659	-0.0015	19.3
3958	0.659	-0.0014	19.3
3959	0.6591	0.0003	19.3
3960	0.6591	-0.0032	19.3
3961	0.6592	0.0033	19.3
3962	0.6592	-0.0029	19.3
3963	0.6592	-0.0019	19.3
3964	0.6593	-0.0011	19.3
3965	0.6594	0.0025	19.3
3966	0.6593	-0.0026	19.3
3967	0.6594	-0.0003	19.3
3968	0.6594	-0.0001	19.3
3969	0.6594	-0.0046	19.3
3970	0.6595	-0.0007	19.3
3971	0.6596	0.003	19.3
3972	0.6596	-0.0001	19.3
3973	0.6597	0.0006	19.3
3974	0.6597	-0.0011	19.3
3975	0.6598	0.0006	19.3
3976	0.6599	0.0025	19.3
3977	0.6598	-0.0036	19.3
3978	0.6599	-0.0008	19.3
3979	0.6599	0.0004	19.3
3980	0.6599	-0.0016	19.3
3981	0.6601	0.002	19.3
3982	0.66	-0.0014	19.3
3983	0.6601	-0.0006	19.3
3984	0.6602	0.0018	19.3
3985	0.6602	-0.0038	19.3
3986	0.6602	-0.0023	19.3
3987	0.6602	-0.0051	19.3
3988	0.6603	-0.0015	19.3
3989	0.6603	0.001	19.3
3990	0.6604	-0.0009	19.3
3991	0.6604	-0.0004	19.3
3992	0.6604	-0.0011	19.3
3993	0.6605	-0.0023	19.3
3994	0.6605	-0.0005	19.3
3995	0.6605	-0.0021	19.3
